logFC	unshrunk.logFC	logCPM	PValue	FDR
ENSG00000002746	-3.41092148323754	-3.41139169161065	4.57049762338814	0.0028523951821815	0.0450521631719688
ENSG00000004660	-3.58424527130339	-3.58439273835683	6.39339718491898	0.000181650680695552	0.00687924903736212
ENSG00000005379	-3.54272018577151	-3.5428725100943	6.31005612928334	0.000289831910695461	0.00954270577452148
ENSG00000006116	-4.19026481134323	-4.19083415195898	4.98673585936248	0.00200078913947949	0.0354645290342035
ENSG00000006432	-3.29462764187232	-3.29502263066924	4.72082925687586	0.0031442917617144	0.0478765535502936
ENSG00000006740	-3.46225708371842	-3.46260024650906	5.06930110689241	0.000720559548624135	0.0179463200686222
ENSG00000007264	-3.38829139257797	-3.3889232972372	4.12695761262005	0.000393715077568571	0.0117781705209655
ENSG00000008056	-3.7500128932302	-3.75006723237513	7.97926182980382	0.00133329018088091	0.0270627630154582
ENSG00000008086	-3.22574803802807	-3.2259160325896	5.89364943034131	0.00237665237876148	0.0397634731853975
ENSG00000008118	-3.74094454044958	-3.74150219739005	4.61475903835473	0.00215017976534942	0.0370925221279078
ENSG00000009709	-4.105533187942	-4.11910440094904	0.385120286688294	0.000433431640101206	0.0126486568345859
ENSG00000011083	-4.40298537151003	-4.40399813450183	4.35085802617354	0.000442662978085294	0.0128558704128887
ENSG00000011347	-3.49621944652312	-3.49631387043588	6.95905918883973	0.00127205725232186	0.0261043143651863
ENSG00000020129	-3.16532683698958	-3.16535079837087	8.65048891055437	0.00155004789132434	0.0299031621176832
ENSG00000033122	-3.8905748915497	-3.89123242974151	4.5096616790867	0.000116024611838944	0.0049151813265708
ENSG00000036530	-3.20657343877677	-3.20676118567208	5.71712186703065	0.0011386802509893	0.0241591536025562
ENSG00000040608	-3.41538003425858	-3.41589099125101	4.4552875737461	0.00246732598633724	0.0407016031129617
ENSG00000050628	-4.15296968999098	-4.1570245042557	2.13105438133263	0.000161034092999932	0.00631348029692195
ENSG00000053108	-3.90368027968454	-3.90482295819507	3.72685430439896	0.00117770292561658	0.0248667387636313
ENSG00000058335	-3.58427798931122	-3.58451366661772	5.71720357583486	0.00294613648355535	0.0459315619471091
ENSG00000058404	-3.33151385768358	-3.33157532042408	7.43508433495922	0.00236750569195681	0.0397188813645615
ENSG00000060140	-4.2808605002612	-4.28439584298325	2.44449199604068	8.64367431904472e-05	0.0039583763949872
ENSG00000060709	-4.03695351114967	-4.03737996706832	5.26435625661943	0.000114633541650651	0.00488792560812158
ENSG00000063180	-3.22531059931941	-3.22536572360694	7.50054986506942	0.00296304667713202	0.0461653766984533
ENSG00000065325	-5.27097403311745	-5.2753312171089	3.06344304595635	5.42095050287841e-09	3.27073048591169e-06
ENSG00000065609	-3.86041824761435	-3.86054168181187	6.89397884721184	0.001931466327457	0.0347606326225558
ENSG00000066248	-3.44264116302069	-3.44275336869567	6.66365363037084	0.00119484795275195	0.0249450350274357
ENSG00000067191	-3.02713377877714	-3.02727660152409	5.95735876643324	0.0010842974918685	0.0235327658891675
ENSG00000067715	-4.11276072301264	-4.11279943261681	8.79291540983001	0.000645373456665512	0.0166226712947337
ENSG00000067842	-3.92446296051158	-3.92486607628974	5.24486064035027	0.00278099950388805	0.0441556855439699
ENSG00000069424	-3.09043156678712	-3.09048041189341	7.55889926670911	0.00162940795380841	0.030866665272537
ENSG00000069712	-3.15067082297873	-3.15100423623151	4.84155778159871	0.0031006014321971	0.0474045136004351
ENSG00000070182	-3.59948747383847	-3.60017828194486	4.1811168443594	0.000614571253248764	0.0160865022679675
ENSG00000070388	-3.13643432258418	-3.15161583388419	-0.593080145230125	0.0023223937879217	0.0391948613130785
ENSG00000070729	-5.43360267861389	-5.44139448076561	2.38189798026736	1.1825446229964e-05	0.000970732378618885
ENSG00000070808	-4.09813847070881	-4.09817465533685	8.87701318109764	0.00184938156977156	0.0337535477259906
ENSG00000070886	-3.83651284635345	-3.84896139529383	0.274909357362641	6.6352558309649e-05	0.0032614106766702
ENSG00000072657	-4.26277773887079	-4.26451232401811	3.44976480579752	0.00169554013247802	0.0317950004329639
ENSG00000073670	-3.88961068943721	-3.89000656699641	5.23988007566363	0.000125320156479892	0.00520563968414064
ENSG00000074211	-3.55170736514531	-3.55179966217913	7.04052059846658	0.00227403298880818	0.0386342798534868
ENSG00000074706	-3.45372938745906	-3.45416650160757	4.71291685710836	0.000421447223548074	0.012343698171249
ENSG00000075035	-4.08692156932286	-4.0877452166417	4.36184202473276	0.000775373265147697	0.018863768529309
ENSG00000077264	-3.45226729582461	-3.45248373349986	5.72463280756301	0.00264624240548393	0.0428045671675262
ENSG00000078053	-3.3328243975039	-3.33295870283383	6.30914602374645	0.000133339913325284	0.00548215582315569
ENSG00000078328	-3.8206430833351	-3.82084465942409	6.15138616620784	0.00240750370886746	0.0400838855121851
ENSG00000079841	-3.93810299490222	-3.93868517062697	4.72742453954245	0.00100168220973246	0.0223431824702688
ENSG00000080224	-4.18575560252456	-4.19288315036217	1.36164845889403	0.000554573736379164	0.0150045768540076
ENSG00000086506	-3.57125367680249	-3.58926453671082	-0.411960823506113	0.00106503265925746	0.0232974800456505
ENSG00000089169	-3.73447558243287	-3.73463071894274	6.45252793467879	0.00253584002654024	0.0415196493897707
ENSG00000089199	-3.50596739440406	-3.50609377251625	6.54722700834305	0.0010711157877768	0.0233570896529042
ENSG00000091137	-2.96300389017961	-2.96511670811685	2.03140872961774	0.00220453917077142	0.0378140357835092
ENSG00000091428	-3.61660046779579	-3.61672149937558	6.70646880700631	0.00100112256503593	0.0223431824702688
ENSG00000091622	-3.43990786636532	-3.44011179889517	5.79954653762759	0.000945194190597721	0.0213989836734385
ENSG00000091664	-4.37736891901621	-4.37993179005612	2.99409109392196	0.000470596079931446	0.0134089324593454
ENSG00000094796	-3.84044554310544	-3.87583722022891	-1.12578760601435	0.0016752258150077	0.0315365833224616
ENSG00000099960	-3.92749725238215	-3.93145342829	1.96949259084041	0.000376266894677797	0.0115092842029835
ENSG00000100321	-3.45525381782217	-3.45530887596339	7.70128227754909	0.000114576135723729	0.00488792560812158
ENSG00000100341	-3.75701523730605	-3.77489877193888	-0.279008794409004	0.00151702711476016	0.0293600099339388
ENSG00000100884	-4.41854551277957	-4.41885014545117	6.09590966462076	0.000129475715175318	0.00534148189750618
ENSG00000101076	-3.91368183747011	-3.98743291370632	-1.96422831638408	6.78312657249439e-05	0.00331132933015304
ENSG00000101180	-4.12918155747959	-4.13058444576365	3.63371270981598	0.00131971359834373	0.0268097373589459
ENSG00000101210	-3.44941942730911	-3.44945659202887	8.26316799804158	0.00225447007772268	0.0383705083609021
ENSG00000101292	-4.30719654121681	-4.35176751761434	-1.05838173618497	0.00155580880425445	0.0299489560429711
ENSG00000101438	-3.81192690921189	-3.81258710843422	4.43405464325047	0.00211233744916985	0.0367284956759836
ENSG00000101489	-3.75924994797697	-3.75942962788359	6.26270857082527	0.00212041070328433	0.0367893543587808
ENSG00000102003	-3.72099739693765	-3.72103493620269	8.4870857905707	0.000982729057725623	0.0220624958875816
ENSG00000102468	-3.86481797223753	-3.86548025202776	4.47721397375843	0.000139926109376346	0.00566606832833682
ENSG00000103154	-4.36517245318177	-4.36566507240958	5.35481227219367	1.81449463403378e-05	0.00132299134434354
ENSG00000104044	-3.64418992997624	-3.65325540596422	0.561149062600911	0.00236852480780918	0.0397188813645615
ENSG00000104888	-4.14375112612984	-4.14378767364232	8.90385318323439	0.00177575252031433	0.032739504450165
ENSG00000105278	-3.85014107952437	-3.85222508881338	2.8188287002175	0.000187026777941425	0.00700885754478003
ENSG00000105376	-4.14125456395948	-4.14161131216465	5.61584478396289	1.44011011737677e-05	0.00112114895396035
ENSG00000105649	-3.66749357258174	-3.66759506574922	7.00531149745813	0.00081911597610634	0.0195534569409994
ENSG00000106089	-3.60687353244313	-3.60701611988287	6.46174531522362	0.000366235576748569	0.0113608347162596
ENSG00000106113	-3.67110959442279	-3.67715468855158	1.14889997640112	0.00146428982638552	0.0285915620307347
ENSG00000106236	-3.46991154448616	-3.47001235298471	6.84177295939476	0.00196171641159445	0.034991917130392
ENSG00000106976	-3.62836867171719	-3.62839739984716	8.79125807904756	0.000708867529479024	0.0177282994367324
ENSG00000107295	-3.39399331077831	-3.39410478400416	6.63100048000976	0.00292760495716297	0.0457320959621356
ENSG00000107864	-3.13687750676734	-3.13725990232356	4.63203467011647	0.00147084084222754	0.0286962594068872
ENSG00000107954	-3.81593978911145	-3.81631600274179	5.24786256034225	0.000487372674136839	0.0137089185520029
ENSG00000108684	-4.1289109516492	-4.13059687791417	3.36970334729974	0.000674775714026894	0.0171424375409311
ENSG00000109158	-3.79754706468527	-3.79809081237879	4.70110771955204	0.00227844491580322	0.0386422976795466
ENSG00000110148	-4.3053241889245	-4.30698106421998	3.55503339946627	0.000448898849353811	0.0129745207548561
ENSG00000110975	-4.36138402324915	-4.39451698424243	-0.619828415796975	0.00310209491385302	0.0474045136004351
ENSG00000111218	-3.94972897626767	-3.95086302773472	3.7793264718784	0.00080086503242644	0.0193474241166964
ENSG00000111344	-4.34353615349154	-4.34420320648131	4.89803851272289	0.000100921477054078	0.00444459658252394
ENSG00000112053	-3.46832328698011	-3.47453686522172	0.932812293008023	0.000588855309847079	0.0155998178351805
ENSG00000112186	-2.73904332560389	-2.739134723674	6.35594556447172	0.00296683757225758	0.0461946180444286
ENSG00000112232	-4.09339664428265	-4.09909609355762	1.60063801223762	0.00025822800134642	0.00874063756591094
ENSG00000112619	-3.73071885802083	-3.73520756549972	1.6170358007941	0.000128085275262177	0.00530224705519275
ENSG00000113100	-4.34184957705499	-4.34554878532021	2.43646692390674	0.000573035567171554	0.0152813705835561
ENSG00000114812	-3.58022294262194	-3.58123246609653	3.61950214617581	0.000360658445607782	0.0112166635648173
ENSG00000115155	-3.26422896449481	-3.26699065094076	1.90203067652989	4.90598593861254e-05	0.00267271026280982
ENSG00000115194	-4.33874738131668	-4.33928810180351	5.19625018215715	3.04436930458865e-05	0.00189852219113547
ENSG00000115252	-3.57320681003882	-3.5735737122827	5.07002280756297	0.000233907425298938	0.00816949609575192
ENSG00000115593	-3.76893046254648	-3.78335024076035	0.012610062041178	0.000524424317489575	0.0144315353230255
ENSG00000116254	-4.32539477981832	-4.32556186534969	6.8765720333695	0.000609676083477128	0.0160043623250499
ENSG00000116544	-3.77521283068863	-3.77558068078912	5.24373867507966	0.000821503330823902	0.0195910685633439
ENSG00000116983	-3.89623284779165	-3.89631904089361	7.44392953724649	0.00158687116259948	0.0303467104898383
ENSG00000117069	-3.31878012403493	-3.31952405217792	3.83228452020886	0.000221839227583242	0.00791992295635201
ENSG00000117152	-3.52116620285109	-3.52125900753613	7.00600910879819	0.000378525999889892	0.0115603170693448
ENSG00000118160	-4.1931508843478	-4.19336987793115	6.36616544953119	0.00110086020765409	0.0237044417714942
ENSG00000118473	-3.03112609871476	-3.03135267827237	5.29565013271907	0.00150740051798209	0.0292440547435529
ENSG00000118733	-3.89971435450941	-3.90075959176531	3.85210043981706	0.00196011164894849	0.0349891527631086
ENSG00000119125	-3.91910717118256	-3.91928276333456	6.43808338974931	0.00119014615803848	0.0249043922252685
ENSG00000119698	-4.09629169735476	-4.0970825899082	4.42956111407463	3.22373718078204e-05	0.00197466175433995
ENSG00000121742	-3.96887341011726	-3.96983428200021	4.03520659557623	0.00324567350501805	0.0490488944083316
ENSG00000122012	-4.13346981795697	-4.13427491065108	4.43584773644275	0.000249820670807277	0.00853093602665071
ENSG00000122254	-3.46079481625642	-3.4611011848897	5.23184503673765	0.00235161692156098	0.0395222303516384
ENSG00000122733	-4.00550616871385	-4.00569306830292	6.42544512931696	0.00091622319303924	0.0210130106830434
ENSG00000123360	-3.16431067379983	-3.16454788398187	5.3437115151169	0.000755853004669806	0.018519549659595
ENSG00000123901	-3.94691804884555	-3.94861122195241	3.20115699252812	0.00194297141853461	0.0348377951076629
ENSG00000124140	-3.9136897009922	-3.91380193375727	7.07864944921604	0.001410762613242	0.028068709734528
ENSG00000124493	-4.19105997285517	-4.19463237859988	2.34819636254054	0.000115446780503312	0.00490526866314599
ENSG00000124507	-4.14072811959508	-4.14081495228156	7.6528282857858	0.00200793227159309	0.0355274468054455
ENSG00000125084	-4.04143407945412	-4.07717463137581	-0.986718062901612	0.000485552478021964	0.0136736563647399
ENSG00000125814	-3.64341682589477	-3.64347067018026	7.89834175164577	0.000307246758668529	0.0099264970196871
ENSG00000126583	-5.19178944958692	-5.19233927003066	5.96500516242594	6.37096171240025e-05	0.00320995386152542
ENSG00000126733	-3.86180634909802	-3.86353331688777	3.09701271196733	0.00141464966211487	0.0281012042277628
ENSG00000127377	-3.73976579855932	-3.75549880866934	-0.125039616676597	0.000414277131285193	0.0122077708015102
ENSG00000127561	-3.80148488245481	-3.80174046815402	5.7922654062538	0.00045189666324935	0.0130299570739066
ENSG00000128656	-3.12538856081157	-3.12541673677835	8.38255555498703	0.002499553275001	0.0410648187466809
ENSG00000129990	-3.69283148877212	-3.69305523281678	5.88790561356375	0.0011914281439365	0.0249043922252685
ENSG00000130540	-4.08371080225556	-4.08387318548111	6.69862470673249	0.000903659803790706	0.0208498333696796
ENSG00000130822	-3.84348183510996	-3.84395139224887	4.95352914752516	6.91343437003585e-05	0.00335037801378404
ENSG00000131738	-5.37755472638342	-5.8470967274277	-2.83497063391203	7.24192583586291e-10	8.5233926260612e-07
ENSG00000132026	-3.63597023399483	-3.63927787237923	1.97139441810385	0.0024466437351214	0.0404433560982328
ENSG00000132359	-3.17790044263901	-3.17804427644576	6.07623064104897	0.000684687623414211	0.0173028807366268
ENSG00000132872	-3.80656218330612	-3.80681956874743	5.78655273843508	0.00216172532078397	0.0372118964991443
ENSG00000132932	-4.20259025852034	-4.20293358630823	5.72645203479718	0.000186238976160116	0.006990188881257
ENSG00000132938	-3.58440693840443	-3.58591526312165	3.04606240566999	0.002925755923417	0.0457320959621356
ENSG00000134115	-3.18100911055293	-3.18433059874036	1.5664885977398	0.00306411830394533	0.0471015485015392
ENSG00000134343	-4.10528198801471	-4.10650422570935	3.81037760466781	0.000586742293941684	0.0155609214527347
ENSG00000134709	-3.83904278143276	-3.84108342015418	2.8375012466409	0.0012896389899115	0.0263763960868849
ENSG00000135127	-3.25139973416004	-3.25240701689054	3.33726811127665	0.00172086406103335	0.0320953116298136
ENSG00000135423	-3.42443037477058	-3.43106713232631	0.809253363558379	0.00171618674505402	0.0320804863955397
ENSG00000135519	-3.88520045081147	-3.88552698365111	5.5135161943446	0.000222821622020672	0.00794324523758774
ENSG00000135625	-4.2321529238463	-4.23798334208007	1.69167244941199	2.82082853118038e-05	0.00179832778959322
ENSG00000135709	-3.73684087452635	-3.7369018213688	7.80198730231868	4.22990236104179e-05	0.00241334429270408
ENSG00000136457	-3.37897375743413	-3.38591898769213	0.712078669270761	0.00194095063600145	0.0348377951076629
ENSG00000136531	-3.63355004693063	-3.63369111027663	6.50056919586187	0.000630151239084352	0.0163527634452277
ENSG00000136854	-3.4417055421213	-3.44173432702753	8.62500570053071	0.000617420684661382	0.0161257710748785
ENSG00000136883	-4.83830504207704	-4.8566498348686	0.615500915902886	3.79049097686365e-06	0.000410222911370526
ENSG00000137252	-4.18910454522204	-4.32789415858206	-2.5051167813754	0.000916809997127941	0.0210130106830434
ENSG00000137261	-3.57549786320084	-3.57603813305753	4.51465939784023	0.00088386680578244	0.0204911061390523
ENSG00000137825	-3.13526942544298	-3.13566105522402	4.59674542707854	0.00120676830848359	0.0251070227215025
ENSG00000137843	-3.96974769865766	-3.97601050826443	1.35315799228731	0.000195865420314735	0.00720581715529848
ENSG00000138944	-3.96679393822321	-3.96709143924774	5.72061956041074	0.000558442555085744	0.0150345661572812
ENSG00000139220	-3.18437128784806	-3.18467363600534	5.01108466677884	0.00171041699090241	0.0320122091659115
ENSG00000139287	-3.98780676026069	-4.02341993843365	-0.996356252813678	0.000426577052865676	0.0124636932129058
ENSG00000139874	-4.33628557898243	-4.33764639808727	3.86497020915193	0.000866955436133906	0.0202743241236974
ENSG00000139970	-2.99033337457481	-2.99035772122438	8.47768846565251	0.00113224319663446	0.0240894139074936
ENSG00000140465	-3.48567970169083	-3.51211132791923	-1.03116090321845	3.009895586279e-05	0.00188188653055071
ENSG00000140488	-3.04020653574635	-3.10331085566016	-2.42382308346486	0.0022714928995934	0.0386329877651777
ENSG00000141404	-3.50018737703281	-3.50062494129468	4.75262496288917	0.000111220176966959	0.0047931924123582
ENSG00000142408	-4.09425115376854	-4.09450767116614	6.04859411253489	0.000682090957816812	0.017273434602257
ENSG00000142609	-3.05010579114399	-3.05388241694181	1.28312708792523	0.00167107925528679	0.0315323117647314
ENSG00000143921	-3.90783052586749	-3.98631691382877	-2.08283212163519	0.000540315687356941	0.0147658448314358
ENSG00000144290	-3.6859889849859	-3.68621627702549	5.85919260603516	0.00142544716886627	0.0281697936193423
ENSG00000144550	-3.91629858812641	-3.91855287480382	2.76472636428076	0.000239910775397557	0.00830703967495643
ENSG00000144583	-3.40141580854992	-3.40247713469565	3.39110143029801	0.00141005792142901	0.028068709734528
ENSG00000144619	-3.46854199369097	-3.46966148903782	3.37327848571305	0.00170950097437536	0.0320122091659115
ENSG00000145198	-3.42389437941842	-3.42470420694365	3.79970134084285	0.00183436670236697	0.0335637649696167
ENSG00000145335	-3.51772923113537	-3.51784907934556	6.63433918463928	0.000142900985430769	0.00573838998733141
ENSG00000146151	-3.41154949157911	-3.4133759817658	2.62608163434623	0.000922515880689825	0.0210633853023351
ENSG00000146360	-4.4044801101667	-4.41667340541853	0.800337312021372	0.00241245599252036	0.0400979427847703
ENSG00000147246	-4.54670673175094	-4.55242931506943	2.00011137230644	0.000256742415564692	0.00870255822645825
ENSG00000147571	-4.02158134079038	-4.029981314203	0.981594657069416	0.00246137676417402	0.040659046424761
ENSG00000147676	-3.99056044102944	-3.99108822556274	4.9163763202607	0.00279084642330222	0.0442624814395473
ENSG00000148408	-3.98145706630971	-3.98188234852367	5.21871615905048	0.00293144743736736	0.0457320959621356
ENSG00000149269	-2.94779436412777	-2.94784512923668	7.38155919437465	0.000280000293667691	0.00930788855010477
ENSG00000149452	-6.4119554785285	-6.49124140864233	0.0261210499232161	1.64743084536344e-05	0.00124247175068754
ENSG00000149742	-4.80684632458791	-4.90432909464651	-1.62567224078072	1.69322076823584e-06	0.00023218289784434
ENSG00000149927	-4.14583338392691	-4.14622686735425	5.47895536250583	0.000326867804024583	0.0103389614447304
ENSG00000149970	-3.1797507927216	-3.1799360328564	5.71326123948389	0.00321010330892464	0.0487862929833672
ENSG00000150054	-3.3989607390864	-3.40085043226988	2.56424501220922	0.000693276403134782	0.0174650654626877
ENSG00000150175	-4.20266964432079	-4.21923880628131	0.196989056391265	2.07650205030009e-05	0.00144421615221736
ENSG00000150361	-4.78049363069747	-4.79282217986934	1.13735236960604	0.000134963568918703	0.00553006922289299
ENSG00000150394	-3.82548743755703	-3.82625236811926	4.23400883474484	0.000280936179296461	0.00932615371546188
ENSG00000151948	-3.65192942534402	-3.65265317366771	4.16048508000162	0.000994036063566142	0.0222336110825813
ENSG00000151952	-4.26226617751134	-4.263377466529	4.08903869677094	0.00195245777288623	0.0349300340184108
ENSG00000152034	-4.35387659019926	-4.36009516857661	1.70690319294643	0.00190624692436814	0.0344134287571481
ENSG00000152495	-3.72209549602531	-3.72247320999182	5.15866221436745	0.000128889497307998	0.00532640261649183
ENSG00000152822	-4.01906394744539	-4.02027358752134	3.74770974766478	0.000419171748330014	0.0123082604932559
ENSG00000152932	-4.00462176068333	-4.00480645920081	6.44171400812029	0.00111486747483154	0.0239165592218347
ENSG00000152954	-3.41115420103446	-3.41142335739204	5.37525037385041	0.00109858998276905	0.0236938075461558
ENSG00000152969	-3.71293803079699	-3.71340067236628	4.85863459042147	0.0011391860777206	0.0241591536025562
ENSG00000153233	-3.77603459452013	-3.77709522493492	3.72167834681412	0.000261019585559387	0.00881041493411223
ENSG00000153291	-3.3063184592454	-3.30680232747657	4.43892084391083	0.00210749680260306	0.0367044959120651
ENSG00000153933	-3.34811358603586	-3.34883712588874	3.89738415707304	0.00142634821425525	0.0281697936193423
ENSG00000153993	-4.18320250250505	-4.18716684561802	2.19115370484132	3.9011943551599e-05	0.00225782792727647
ENSG00000154027	-3.59748961627636	-3.59757774650548	7.1472868889508	0.00161975237402627	0.0307725422999078
ENSG00000156097	-3.71680554676801	-3.71978794010896	2.18781879165029	0.000437072851818656	0.0127241450009547
ENSG00000156564	-4.06050372880262	-4.0624003704869	3.13855461710124	0.000570726376030186	0.0152534998439784
ENSG00000157005	-4.32394803043512	-4.32471610166297	4.67693457552996	0.000207736826123404	0.00759624327524582
ENSG00000157064	-3.38364738610096	-3.38376161772842	6.58634289243024	0.00180647172917442	0.0331791390501487
ENSG00000157093	-3.51908934523187	-3.60997512549064	-2.47029785224463	0.000475609802095029	0.0134722616945557
ENSG00000157152	-4.2667785804695	-4.26685063326449	8.0363915492551	0.000192100179600025	0.00711065296697395
ENSG00000157368	-2.90832058963676	-2.90887662116845	3.8998324274033	0.00322282323696194	0.0488565427140951
ENSG00000157502	-3.67646336961863	-3.67907306576876	2.34232913805864	0.000270465512440765	0.00906179182744609
ENSG00000158856	-3.22582376211702	-3.22588359535396	7.38264666507579	0.00205904525383092	0.0361403622952404
ENSG00000159753	-3.39902135482844	-3.39986899595989	3.71353386727199	0.0011356176835737	0.024125877795218
ENSG00000160396	-3.9953224997707	-3.99812268441253	2.52256563903348	0.000815364030584221	0.0195218209465472
ENSG00000160460	-3.17954718315324	-3.1797328594727	5.70958990080643	0.0013797412357228	0.0276796965776676
ENSG00000160963	-3.91617238293452	-3.9174383414988	3.59072018659296	0.000849164010168807	0.0199938772891844
ENSG00000161270	-3.62036307257378	-3.65478015023688	-1.27203383848981	7.53969192426681e-06	0.000694514980535325
ENSG00000162105	-3.70376667820312	-3.70421162636468	4.906567355103	0.00204689580960373	0.0359532630778577
ENSG00000162456	-3.97152401285883	-3.9920525265763	-0.275926167696234	0.00290008932105502	0.0454780738624703
ENSG00000162782	-3.60129677894623	-3.62378326456698	-0.710541744981617	4.37427456901359e-05	0.00245508703368777
ENSG00000162817	-3.98989992261925	-3.99013880462276	6.05749612651931	1.67786002352809e-05	0.00126147893482327
ENSG00000162989	-3.70709469313397	-3.70764929707255	4.59260108685511	0.00195590581628556	0.0349658007186932
ENSG00000163046	-4.09095961210896	-4.12358185256044	-0.830613271496277	3.74854805303708e-05	0.00220652338321944
ENSG00000163285	-4.17980800401738	-4.18064538004126	4.42188254528069	0.000204752394933908	0.00750986975582815
ENSG00000163914	-3.7896591837089	-3.82656573898846	-1.19561388461967	1.93416453526566e-05	0.00137696539510623
ENSG00000164061	-3.68399303200561	-3.68406972063676	7.42392786804789	0.00287658807286545	0.0452454832709622
ENSG00000164076	-4.2216723835908	-4.22185523783695	6.65218167544345	0.000848125636569724	0.0199889297978259
ENSG00000164082	-3.71297649297215	-3.71415214242671	3.51658781063938	0.000316768221078596	0.0101523411309651
ENSG00000164600	-5.15641360440115	-5.16021414259182	3.15036209905867	0.000229342399170093	0.00805669499500878
ENSG00000164796	-3.76447400607217	-3.7663074127508	2.92384581093143	0.000738006259671176	0.0182117004814971
ENSG00000165269	-3.9697604531951	-4.0106263916888	-1.22319590203761	5.3797761226058e-05	0.0028535278449004
ENSG00000165300	-3.13786120295271	-3.1383589365086	4.25309124024039	0.00224500022825678	0.0382856646356317
ENSG00000165379	-3.7460821740489	-3.74709754700581	3.7571275673013	0.00213261683755592	0.0368686065598672
ENSG00000165810	-3.33568567190269	-3.33811783927655	2.14198543680077	0.000488831667902452	0.0137339504926167
ENSG00000165828	-3.24398657434577	-3.28474165857998	-1.76253857002061	0.00133554805707762	0.0270630703690272
ENSG00000165868	-3.300515834833	-3.30064856764206	6.29787510073862	0.000351439312837532	0.0110151121766506
ENSG00000165887	-3.73706395474944	-3.75054396919655	0.102696553199704	1.05927773141467e-05	0.000890752918813992
ENSG00000165970	-4.08249577268673	-4.0972037003917	0.25182068672913	0.00119186927240346	0.0249043922252685
ENSG00000165973	-3.89442626860408	-3.8952747007343	4.14663341015503	0.000510272466800749	0.0141758526951695
ENSG00000165983	-3.86046419701097	-3.86083795160555	5.29751853130539	2.15015234378272e-06	0.00026611167520437
ENSG00000165985	-4.72130421466016	-4.72251767932425	4.38398108479351	1.60700450531528e-05	0.00122345257827378
ENSG00000166111	-4.37295430948599	-4.3732863907852	5.92972005338799	0.000367737375558815	0.011376247293963
ENSG00000166159	-4.11931578815727	-4.12041887419331	3.97083933676311	0.00272504368398148	0.0436404806033238
ENSG00000166183	-3.60485619559061	-3.67049855866452	-2.05597419876523	0.000176018315269462	0.00676437264444775
ENSG00000166257	-4.10579914559611	-4.1059135879882	7.22303530822875	0.000111572123201691	0.00479978898636293
ENSG00000166448	-4.33875534861473	-4.33887411432405	7.3811668853669	0.000184918247154669	0.00696227297477502
ENSG00000166501	-3.50281130883688	-3.50287964141921	7.43127564621688	0.00122101419779827	0.0253161139601919
ENSG00000166959	-3.813277910645	-3.8673116990578	-1.71809986322713	0.000294149527868991	0.00960623099538595
ENSG00000167037	-3.55313518202117	-3.55361085201294	4.67842256751618	0.00144240320454326	0.0283476864319601
ENSG00000167178	-4.0596324322661	-4.06015764037992	4.984767028374	3.0738565860975e-05	0.00190705539457267
ENSG00000167210	-4.29199616011636	-4.31601657411381	-0.247254170719485	1.20249876057372e-06	0.000181381906798038
ENSG00000167281	-3.83393830034484	-3.83424192262168	5.57272046269594	0.00300968846021135	0.0466337881107467
ENSG00000167371	-3.43818964789797	-3.43838834933568	5.83581364858212	0.0014193753217567	0.0281241412276488
ENSG00000167754	-4.33131469345893	-4.36038316299931	-0.432831040698728	0.0011109197120795	0.0238743867598634
ENSG00000167971	-3.53845272198344	-3.5387116759115	5.54130734202438	0.00301328689852661	0.0466337881107467
ENSG00000168135	-4.12443578082997	-4.12497370977889	5.00861943003732	0.000766454850238084	0.0186844660158039
ENSG00000168490	-3.87455836176158	-3.87462469265365	7.80230075808252	0.000652322105720599	0.0167142209081346
ENSG00000168539	-4.12453345362519	-4.12498203221225	5.27077489426299	0.00182576650097705	0.0334317516954325
ENSG00000168843	-3.63186167475007	-3.63321154197871	3.24720278722294	0.000712633873388387	0.0177989883865839
ENSG00000169035	-5.41223948756122	-5.4179191409962	2.81818435851873	0.00018028604101432	0.00686281279785426
ENSG00000169213	-3.76785983821508	-3.76840740287512	4.66385103431413	0.000292683605162611	0.00959853108442411
ENSG00000169282	-3.17832245176613	-3.17872483237991	4.5950845159953	0.000656768506459181	0.0167729641639004
ENSG00000169676	-4.08021238907669	-4.09043127587567	0.770141999042151	0.00199823542848892	0.0354598631111409
ENSG00000169884	-4.34374821411092	-4.34579508203882	3.28671049171402	0.000287831784963877	0.00948979822174619
ENSG00000169933	-3.85248007463685	-3.85317502720851	4.39619827984842	0.00211737449780925	0.0367735822279142
ENSG00000170011	-3.32366164975031	-3.32408801257838	4.63644869520954	0.00103407308974928	0.0228537728461622
ENSG00000170214	-3.46383181532491	-3.46498223629309	3.33160849554382	0.000302927883517137	0.00980087949898529
ENSG00000170500	-3.13444861889877	-3.13451552466496	7.14271691871677	0.000559492867219963	0.015036526567357
ENSG00000171126	-3.77311556385243	-3.78425669148931	0.383602301617881	0.000481669135761193	0.0135960268098955
ENSG00000171132	-3.04015612063018	-3.04029121125456	6.0487271251153	0.00246444375617406	0.0406818643033548
ENSG00000171246	-3.95809327274251	-3.95815703054652	7.93400313393687	0.00109504801622653	0.023659703512633
ENSG00000171509	-3.81959794063195	-3.82154752579554	2.88643316685104	0.00118542272702885	0.0249043922252685
ENSG00000171617	-3.59334909797609	-3.59336812833741	9.35459678042831	1.75134022162411e-05	0.00129652898492872
ENSG00000171772	-3.99466447925534	-4.01142042298878	-0.00589867730343091	0.00147753962996616	0.0287804208471375
ENSG00000171798	-3.57006570846868	-3.57023717671648	6.16341925553744	6.45635284897681e-05	0.00323012548231424
ENSG00000172137	-3.90181899160406	-3.90266728394104	4.15409682106108	0.000167227987805222	0.00648855346895697
ENSG00000172209	-3.93228184225918	-3.93436892502588	2.88898557740574	0.00325649570017078	0.0491604934102588
ENSG00000172350	-3.27357508149398	-3.27486732589248	2.99920966889045	0.00270247874041707	0.0433243020945052
ENSG00000172782	-4.1270687078769	-4.13479373687817	1.19430057472639	0.00164705884907126	0.0311521303005375
ENSG00000172824	-3.60207858034752	-3.60331046268432	3.3520308148763	2.44704577712054e-05	0.00162478410704304
ENSG00000173267	-3.92174084642214	-3.9220698877956	5.53588781665862	4.41456615225132e-05	0.00247195219300309
ENSG00000173406	-3.01461891681062	-3.01551331431838	3.30470469606647	0.00125113328946572	0.0258075647931331
ENSG00000174145	-4.84005596621672	-4.84386668157308	2.84997895671585	0.000577361138001084	0.0153797281506823
ENSG00000174460	-4.19421537123502	-4.19494457864756	4.63469185599495	4.10297476815948e-06	0.000436216709492339
ENSG00000174473	-4.21846175546391	-4.22283825418047	2.084350004494	2.12775238832679e-05	0.00147560850976663
ENSG00000174514	-3.52377017723215	-3.52398627690475	5.78953155907688	0.00219177376686413	0.037621812296941
ENSG00000174576	-5.5893567728314	-5.60146800870517	1.90531878198509	1.58305337725814e-08	6.94643821940871e-06
ENSG00000174948	-3.63341567128591	-3.73009314848391	-2.49449230304753	0.000226648105273098	0.00802294795292798
ENSG00000175874	-3.81054334134682	-3.81068488161714	6.652206228561	0.00200498346233295	0.0355012992516093
ENSG00000176769	-3.88417591272428	-3.88848228434726	1.81223002121336	0.00267540937625782	0.043103023956346
ENSG00000176884	-4.27356380354827	-4.27364396307989	7.88869943118591	0.00258154517086616	0.0419856057751374
ENSG00000176956	-3.5804366035584	-3.58069939196133	5.5576410230364	0.00178448955296324	0.0328754739474922
ENSG00000177238	-3.50656505413069	-3.52150339632447	-0.262984877899362	0.000150298274534051	0.00597578016079866
ENSG00000177291	-3.03509030817685	-3.0637406571337	-1.48218019281119	0.00302741296907209	0.046775662353128
ENSG00000177380	-3.43459036487274	-3.434801007248	5.74831315211871	0.000542156001135201	0.0147846247812395
ENSG00000177542	-2.83646386605717	-2.83655145790305	6.50001535470073	0.00133473637613118	0.0270630703690272
ENSG00000177570	-3.58690846483805	-3.58757745179801	4.21628533213354	0.00123449355705965	0.02548611420537
ENSG00000178773	-3.80948388857283	-3.81070033960172	3.55535384487081	0.000557723217671358	0.0150345661572812
ENSG00000178965	-3.25358913759613	-3.25396615481675	4.75338437995668	0.00185142903510207	0.0337535477259906
ENSG00000178997	-3.42434259853863	-3.47570023792606	-1.85512455989225	0.00212386107298671	0.0368227465053601
ENSG00000179774	-4.21231380728347	-4.22679329509576	0.421899825765916	3.30531608719537e-05	0.00201950628983223
ENSG00000179841	-3.5638178901623	-3.56433574583519	4.5651313611961	3.48996095461841e-05	0.00208999299451019
ENSG00000180440	-4.78174360063536	-4.7839863065085	3.55841051274972	4.18912040523387e-06	0.000441485728645914
ENSG00000180616	-3.60585120429906	-3.60628740210711	4.8496522408786	0.0001724670682907	0.00665971236180441
ENSG00000180777	-3.95036958464257	-3.98597287414185	-1.0470713769756	0.000228035705608879	0.00802947411558085
ENSG00000180828	-4.28256028818616	-4.28598796967794	2.49146797841401	7.37116669909161e-05	0.00351572602995804
ENSG00000181085	-4.22800739720268	-4.23834061676297	0.886247676573959	5.14962412077916e-05	0.00277413010113581
ENSG00000181215	-4.14486310256692	-4.14900608567872	2.09488790518596	0.00229451213155461	0.0388774540384935
ENSG00000181418	-4.45736056229484	-4.45754083850002	6.88785757901317	0.000552873007933814	0.0149753503630468
ENSG00000182255	-4.08490368223703	-4.08913213317608	2.01258501249355	0.000260580178656879	0.00880790200518924
ENSG00000182256	-3.80312882817776	-3.80499428926901	2.93489215038629	0.00177374380349898	0.0327393436917217
ENSG00000182376	-3.4583784029275	-3.49618542960987	-1.53817502328021	0.000806552115402218	0.0194289195599496
ENSG00000182450	-3.85033195615146	-3.87900174958699	-0.851552023755948	2.97634897685425e-05	0.00188039806825656
ENSG00000182601	-3.61371575567856	-3.6146910449836	3.6978461687495	0.0019782796524518	0.0352270362517427
ENSG00000182674	-4.30154240493197	-4.30949362998734	1.31026806408504	0.000828809564216316	0.0197263215214956
ENSG00000182836	-3.30143957056489	-3.30204228238302	4.11838107053176	0.00266186070371073	0.0429995623984972
ENSG00000182901	-3.62642320729018	-3.62704731205218	4.35185501488357	0.00158267044048049	0.0303144193734572
ENSG00000183049	-3.01882671745623	-3.01889034279703	7.11631584710491	0.00168465396854026	0.0316154268092929
ENSG00000183186	-3.32970428321416	-3.33032463628997	4.10081646407364	0.00140783622998356	0.0280567461390779
ENSG00000183287	-3.90326743060742	-3.90846301818899	1.56775734120342	5.66692450659655e-05	0.00294119475359572
ENSG00000183317	-3.98512984416638	-3.98661186545903	3.42476784772849	0.000151315614222432	0.00598664103876094
ENSG00000183454	-3.60455310878318	-3.60473972841501	6.07156129189377	0.00300295777500985	0.0465864666660367
ENSG00000183662	-4.23124346054984	-4.23290200460062	3.48638602643909	0.00056687310584387	0.0152010172627066
ENSG00000183715	-3.42896249686876	-3.42911478897311	6.21114504728725	0.00254158940895726	0.0415680608941958
ENSG00000183775	-3.65506394759186	-3.65554406126797	4.7541599327859	0.00181345994947263	0.0332398253369451
ENSG00000183780	-3.60669135115978	-3.60875740728931	2.61535618333536	0.00141842801750825	0.0281241412276488
ENSG00000183837	-4.16086223637661	-4.16158298167411	4.62027019648147	0.000185260291676188	0.00696428641637557
ENSG00000184185	-3.4882180721695	-3.49069515959242	2.25105485614933	0.0015750586060598	0.0301925849075831
ENSG00000184368	-3.80665050055011	-3.80704087237535	5.18650944465989	0.00069463422394441	0.0174810243594102
ENSG00000184388	-3.70368243808158	-3.712506422398	0.637964456976796	0.00321610611514949	0.0488160408698225
ENSG00000184613	-3.20114354954874	-3.20120677327391	7.28184186136167	0.00239443165926098	0.0399634949271123
ENSG00000184672	-3.67732659518891	-3.6780766770656	4.13194356584296	0.00207314156725899	0.0363483187398075
ENSG00000184702	-3.0249424958578	-3.02498126905328	7.83591716576962	0.00293040101056509	0.0457320959621356
ENSG00000184845	-3.82868009360714	-3.83058282601467	2.9286719971423	0.00121110892184872	0.0251756268043902
ENSG00000184999	-4.61679960516591	-4.71078978686929	-1.73007121566693	9.61187950880127e-05	0.00428282481153966
ENSG00000185274	-4.09934445099113	-4.09956300403215	6.28437950287538	0.000397530083225947	0.0118127296846647
ENSG00000185294	-3.83842668033004	-3.89620405314709	-1.76677149425306	0.00152684566938933	0.0295263568790401
ENSG00000185352	-3.72055080502456	-3.72089691518758	5.28352082866812	0.00212738993411063	0.0368460483445119
ENSG00000185518	-4.25802349056728	-4.25815127893875	7.20195090817557	0.000473744973354423	0.0134510131611008
ENSG00000185742	-3.75190213574625	-3.75232839581877	5.011327453024	0.00181296999730738	0.0332398253369451
ENSG00000185924	-3.9969846335652	-3.99795734022475	4.0415871064627	0.000106124241931034	0.00461491184267507
ENSG00000185933	-4.36408545535297	-4.37542586700462	0.872032896782322	0.000403416614843737	0.0119314418904887
ENSG00000186160	-3.76016336748391	-3.85378443029129	-2.37802136184061	0.000189925027616309	0.00707353490199382
ENSG00000186212	-4.07322265758822	-4.07704370024226	2.14781524227811	0.00032626537724578	0.0103389614447304
ENSG00000186297	-4.73321252365724	-4.73375235576572	5.5618790075321	7.7443471757958e-05	0.00365293902654648
ENSG00000186377	-3.60313197768032	-3.60511051053355	2.67371641232368	0.000189065785448565	0.00705241679446008
ENSG00000186472	-3.81225154803395	-3.81252073149383	5.72688149625901	0.00119809361226602	0.0249911765241384
ENSG00000186479	-3.77727563438105	-3.7779041939318	4.47393491683754	0.00171980107564505	0.0320953116298136
ENSG00000186481	-3.81452929997697	-3.84020942778482	-0.70112509010625	0.000742645531986636	0.0182435318093431
ENSG00000186642	-3.82527615357888	-3.82539419050768	6.92724760078083	9.49210573423792e-05	0.00425803865780851
ENSG00000186732	-4.09743107599112	-4.09792063589736	5.12021186792274	0.00234756218579779	0.039509111430993
ENSG00000186907	-3.85653119187146	-3.85729318717773	4.26755092191883	3.18553925802271e-05	0.0019674007120164
ENSG00000187672	-3.5991900501876	-3.59959543755955	4.94856115754372	0.000208083148508408	0.00759739592451124
ENSG00000188011	-4.16563491675401	-4.16749791598742	3.26031748194891	0.000477377400771513	0.0135064785348414
ENSG00000188133	-3.71337133502552	-3.72592311290647	0.172237158101225	0.00177154221555461	0.0327369064549731
ENSG00000188191	-3.16229373016585	-3.16233289040782	7.93939584113769	0.000650532896759986	0.0167023551530459
ENSG00000189108	-3.76503597225103	-3.78630732033597	-0.519322391132279	0.00162294323039923	0.0307925408195402
ENSG00000189410	-4.1559900671482	-4.15679992274825	4.44805217737725	1.73221149706394e-05	0.00128703009685177
ENSG00000196090	-3.91946204883535	-3.91976424956807	5.65549685640094	0.000699586458270133	0.0175690110134146
ENSG00000196189	-3.21000066157549	-3.21031221905788	4.98984097960473	0.000705630563648362	0.0177003947281501
ENSG00000196581	-3.68969225780574	-3.69015111022066	4.84982091040138	0.000920566229309773	0.0210397822233166
ENSG00000196593	-3.85986954893925	-3.92276144380605	-1.81392091625066	0.000739624407322243	0.0182143831084847
ENSG00000196872	-2.93530708462698	-2.93551062243185	5.36809434938063	0.00028720909301766	0.0094822219574394
ENSG00000196972	-3.750320521671	-3.75090381130985	4.55844564589324	5.77114352851689e-05	0.00297608499823134
ENSG00000196990	-4.15180605593148	-4.15229884004459	5.16008843529066	0.00157265712344795	0.0301705143221723
ENSG00000197106	-4.01422925473788	-4.0143513408449	7.04736056499269	0.000850951434700256	0.019996971194547
ENSG00000197444	-3.23167562949823	-3.23197252256922	5.07870965907783	0.00270350538469897	0.0433243020945052
ENSG00000197753	-3.80021458547585	-3.81643988674426	-0.119186122631001	0.00328396923144919	0.0494077507860777
ENSG00000198010	-4.12868099436514	-4.12971447261629	4.07237860894145	0.00143536038043628	0.028278357078734
ENSG00000198216	-3.89499254206239	-3.89528767217152	5.66773626163578	0.000516482699466315	0.0142454782501944
ENSG00000198354	-4.36103184199002	-4.38462397826315	-0.144676394237747	0.000818378381099692	0.0195534569409994
ENSG00000198626	-4.20506160968289	-4.2054774557174	5.45254102140474	0.000706284914361836	0.0177003947281501
ENSG00000198670	-3.69611814382579	-3.74727544377168	-1.68442236551535	7.88683050393591e-05	0.00369527990637451
ENSG00000198673	-3.64188064755504	-3.64251320727819	4.34663745456708	0.00160820171796839	0.0306945534301341
ENSG00000198883	-5.70285195600786	-5.70854469915952	3.08537231326235	7.26944534713806e-08	2.58001167658573e-05
ENSG00000198932	-3.08003154463119	-3.08012584289132	6.60118871190493	0.000717032646803658	0.0178769275805366
ENSG00000198934	-3.25712756568708	-3.25740658425007	5.18974428949639	0.00204673423821436	0.0359532630778577
ENSG00000198944	-3.44368698315773	-3.44406456584399	4.91551591675201	0.00241523462139283	0.0401038012421292
ENSG00000200610	-3.67650849631934	-3.80932019496908	-2.77493136891431	0.000730095149163352	0.0180533978790044
ENSG00000203737	-4.44423660767294	-4.49962042388575	-1.18610228538327	4.8874702147638e-06	0.000499805958318261
ENSG00000203782	-4.15062893533046	-4.3505085829637	-2.84232136969295	1.7525891295837e-06	0.00023707328201975
ENSG00000203809	-3.92288248622317	-4.10400766223402	-2.91408241853761	1.51320475725131e-05	0.00117327821598987
ENSG00000203855	-3.57916171445912	-3.66035865501399	-2.33828585879906	0.000783183914623641	0.0189772696742238
ENSG00000203900	-4.20850065652016	-4.23579740437148	-0.499098827851427	2.80782609899913e-05	0.00179832778959322
ENSG00000204052	-3.09850983774624	-3.09974483184783	2.91544646532604	0.00266484625471065	0.0430189963285531
ENSG00000204071	-3.51265104114322	-3.51328924390663	4.22043644449434	0.0017174106415446	0.0320804863955397
ENSG00000204175	-3.97549129694045	-4.06597772885254	-2.1713701274311	0.000212207130558709	0.00768980013348932
ENSG00000204314	-3.49109439220653	-3.49135421122761	5.49535789711808	6.25707528935852e-05	0.00317956520013952
ENSG00000204396	-3.35106963717292	-3.35281858452709	2.63308174149858	0.000285034242082163	0.0094362364861604
ENSG00000204603	-3.96026863547148	-3.98808957452803	-0.724603184908741	8.06681719207429e-05	0.00375838930721083
ENSG00000204677	-3.8205232777687	-3.82835658842863	0.905851598845968	0.00126669371660218	0.0260395112065392
ENSG00000204851	-3.60576046760587	-3.60600493391895	5.68323738666145	0.000644871669027912	0.0166226712947337
ENSG00000204933	-4.58973483143592	-4.70664888023149	-2.01252031720872	2.16852302481071e-07	5.48789473057985e-05
ENSG00000204982	-4.16730325450205	-4.3364148507838	-2.71364337667181	4.29248375918493e-06	0.000450412187148561
ENSG00000205035	-4.57027001161424	-4.58702514999706	0.513715323023621	0.000220155195854726	0.00788312388243019
ENSG00000205037	-4.05787512754408	-4.06251807182903	1.85407815095697	0.00126130419641371	0.0259508230829059
ENSG00000205562	-3.66243405438783	-3.67082216278882	0.671999244677921	0.000192043893875826	0.00711065296697395
ENSG00000205899	-4.57477787131837	-4.66852484225119	-1.70514737470359	2.59324575283549e-06	0.000312926964994658
ENSG00000206187	-5.07618682083175	-5.13823891491265	-0.814419833808547	4.40187742832701e-07	9.01040781712424e-05
ENSG00000209082	-3.80942737168501	-3.85584792059165	-1.47789201946229	4.95661950788498e-05	0.00268815854389429
ENSG00000210049	-5.34294292279325	-5.38364965944344	-0.0116737403290825	3.42450331775064e-08	1.33301553339668e-05
ENSG00000210195	-6.4384286453281	-7.7938181334029	-2.92323584920086	3.0177903845224e-12	1.45662706280127e-08
ENSG00000211574	-4.22164160118872	-4.22812681050811	1.52358971080463	0.000661269978317477	0.016852259405189
ENSG00000214043	-3.52065810646814	-3.57111138929278	-1.8053638864447	0.00108783284543436	0.0235882820231022
ENSG00000214733	-4.38973101218291	-4.61262757859024	-2.8404373494384	5.09590774413883e-07	9.91811592718117e-05
ENSG00000214978	-4.91615875459424	-4.97231843862294	-0.805190220185461	4.55575668700244e-05	0.00252175761202103
ENSG00000216863	-3.96648164950788	-3.969444351589	2.42265066130226	0.000312665200054596	0.0100611492508235
ENSG00000218109	-4.79186615819935	-4.9234980725551	-2.00238288504739	1.15415898626552e-08	5.27172337911374e-06
ENSG00000219881	-3.65990736864659	-3.74129509746855	-2.27124878186316	2.75939639857884e-05	0.00178332742257684
ENSG00000221890	-3.61464520087619	-3.61467480519083	8.73581381511179	0.000179492887515652	0.00684491043503567
ENSG00000223536	-3.98998453378253	-4.13249517533944	-2.61149964703206	0.000514988878826354	0.0142421102849342
ENSG00000223573	-3.27869071536532	-3.28012096748918	2.85926259106222	0.000272677476365092	0.00910207221935704
ENSG00000223930	-3.94339606846328	-4.00143689452317	-1.66824104440921	4.17657608929339e-05	0.00238856605068736
ENSG00000224116	-3.76453218408918	-3.77276355835327	0.805132120961246	0.00112894327320338	0.0240894139074936
ENSG00000224965	-2.84245497841221	-2.87878156447404	-1.90566257321806	0.00318372473831818	0.0484186339722829
ENSG00000225106	-4.62150889972039	-4.69104059226066	-1.30903934731502	7.6971985285359e-05	0.00364959114514117
ENSG00000225110	-5.22047984269977	-5.22794834998392	2.24215604896331	5.45758255345179e-05	0.00288212904474848
ENSG00000225208	-3.69944925021804	-3.82334173510697	-2.66628841342924	0.00198307520404154	0.0352686344689305
ENSG00000225539	-5.16891489604842	-5.30039748668021	-1.70789803459529	0.000270726207678184	0.00906179182744609
ENSG00000226695	-3.55427994689375	-3.63866023893405	-2.38453913288675	0.00121369156887782	0.025207600966693
ENSG00000226757	-3.55671221239467	-3.59907102503552	-1.54569196839758	0.0016784729518499	0.0315730835697159
ENSG00000227895	-4.44540201838929	-4.66802733925466	-2.77216615382414	2.90937510900179e-06	0.000336041194365339
ENSG00000228133	-4.88107079881206	-4.90477863318365	0.312674253144761	0.000143173178503512	0.00573976991694975
ENSG00000228824	-3.62201586933702	-3.63577121515818	-0.0373857132639323	0.00216441197816648	0.0372315885110975
ENSG00000228971	-4.47420158706476	-4.477651943774	2.65929175250496	0.000148558508844707	0.00593594545108967
ENSG00000228999	-4.45189635606531	-4.70022549774627	-2.8370579549617	1.70664383650062e-05	0.00127517468576179
ENSG00000229618	-4.75946529286143	-4.82230921693984	-1.05610275741123	2.61206815682633e-06	0.00031363011391466
ENSG00000230006	-3.86607413112047	-3.87877573624325	0.294638509138311	4.62739400738729e-05	0.0025497152277234
ENSG00000230133	-4.19282366371721	-4.36299956311891	-2.71137269372164	0.000277551894798008	0.00923922404007602
ENSG00000230852	-4.08218320837378	-4.19582591144844	-2.32484838317757	0.000444102696365511	0.0128743811536213
ENSG00000231121	-3.47256251003037	-3.4925283448162	-0.668065594697122	0.00330354648492573	0.0495819594945258
ENSG00000231536	-3.48346961629892	-3.5606829104236	-2.32315513692684	0.000625560738521565	0.0162861735312615
ENSG00000231691	-3.8423245832929	-3.94433452852425	-2.39722201285471	0.00210560473244433	0.0367044959120651
ENSG00000232224	-3.26236148582762	-3.26980250280202	0.497751217971715	0.0027377654779452	0.0437461798859386
ENSG00000232354	-3.33233992663266	-3.36159211017896	-1.29846429861781	0.000514276573576479	0.0142421102849342
ENSG00000233304	-3.61788367539952	-3.67842322502333	-1.96795407715497	0.00161830555488849	0.0307725422999078
ENSG00000233487	-3.3812093312344	-3.39172204407995	0.123121582103847	0.000321352980018719	0.0102315736408598
ENSG00000233508	-4.35843619352478	-4.36416548479279	1.82941683172378	7.31102992679667e-05	0.00351042039023659
ENSG00000233542	-3.2776016356166	-3.2905171079727	-0.231605637368264	0.00122437041898765	0.0253639104651055
ENSG00000233705	-4.52714861937606	-4.5282818975985	4.3031733702614	9.01254357890702e-05	0.00409620954300079
ENSG00000233930	-3.44984124827292	-3.45537976504488	1.07138745370115	0.0017944620979963	0.0329836620510606
ENSG00000233936	-3.75137437192091	-3.81491251210646	-1.94680175428056	0.000231665743388092	0.00810292905931626
ENSG00000234111	-4.33924403855528	-4.5233820151491	-2.66550880359104	0.00112641831373762	0.0240788127402513
ENSG00000234394	-3.53001335467878	-3.64125549689137	-2.71878554717712	6.80711423251567e-05	0.00331132933015304
ENSG00000234423	-3.73890539979523	-3.8178674109908	-2.18054321599448	0.000751322770832817	0.0184272599098366
ENSG00000234929	-4.04866412324937	-4.24779586829136	-2.92661827402921	5.28186331206689e-05	0.00282644100162799
ENSG00000235296	-4.41979706756566	-4.50450585625156	-1.76855214543049	2.18296964504709e-07	5.48789473057985e-05
ENSG00000236064	-3.82942268369952	-3.84331294170483	0.127857559776805	0.00103887412740872	0.0228760841157684
ENSG00000236333	-4.24393914853388	-4.25292796107723	1.08639893531293	0.00138138100824531	0.0276895757915218
ENSG00000237265	-5.09272101954913	-5.21494586827883	-1.58585114684689	0.000133878769711045	0.0054949493676979
ENSG00000237337	-3.67474746040386	-3.75466189820264	-2.20153532483678	0.00081885614338508	0.0195534569409994
ENSG00000237720	-5.42875168520674	-5.47083811762788	-0.00676169724668316	2.80112626352361e-05	0.00179832778959322
ENSG00000237732	-3.40760467739106	-3.4138724891422	0.863715876112653	4.36924512807074e-05	0.00245508703368777
ENSG00000238243	-3.19057655150972	-3.20876942808516	-0.778524282992294	0.00192756622496108	0.0347422578590073
ENSG00000240707	-4.46786359644045	-4.48810602332106	0.141890153397223	0.000112506906376685	0.00482280937565702
ENSG00000241307	-3.30381154366814	-3.42622422976153	-2.92746488337453	0.000380330312134737	0.0115603170693448
ENSG00000242428	-4.29337301108526	-4.34029661721345	-1.05751403465109	0.000794175580792952	0.0192243063860152
ENSG00000243902	-3.83091740011923	-3.84078664071605	0.588023969304833	0.000807458619318366	0.0194289195599496
ENSG00000248285	-4.08266182840957	-4.12428640210349	-1.13394318718619	0.00120656599136784	0.0251070227215025
ENSG00000248409	-3.29232728779474	-3.37510447797785	-2.54905085097647	0.000419217292013606	0.0123082604932559
ENSG00000248455	-4.16975322731996	-4.19414174078165	-0.340501160274147	0.00105215243471028	0.023126272185153
ENSG00000248673	-4.97728664425154	-5.09056397157537	-1.66371448371378	8.84070115608138e-06	0.000781543889014169
ENSG00000248738	-5.23622468386435	-5.27410271318794	-0.0174468694396468	6.19456536804229e-09	3.64633269737397e-06
ENSG00000249421	-3.79450427497492	-3.92895403037423	-2.73176256038725	0.000462432381937578	0.0132481676499347
ENSG00000249487	-3.38486446090371	-3.41814307513773	-1.40275549616216	0.00171110258655945	0.0320122091659115
ENSG00000250007	-3.63290643346466	-3.67941190219924	-1.60536837035026	0.00143744011021224	0.0282962313375711
ENSG00000250579	-4.16152003532217	-4.21582108446998	-1.39657817610301	7.85736238626935e-05	0.0036892915142067
ENSG00000250584	-4.07902401055427	-4.09048117218064	0.618537926660921	0.00136958906966952	0.0275409166891758
ENSG00000250686	-4.01630691781187	-4.07365841336012	-1.57207507838798	0.0018808872783947	0.0341046833784956
ENSG00000250954	-4.29486002577989	-4.51686547629236	-2.86797111366804	1.00580953015853e-06	0.000158654949025137
ENSG00000251011	-4.2431343770828	-4.31139763489039	-1.61289198432962	0.000215737154899739	0.0077733816530068
ENSG00000251209	-3.19219609608707	-3.24693568434973	-2.12340342233116	0.00258169549060677	0.0419856057751374
ENSG00000253301	-3.72773507252376	-3.86985602756315	-2.79035270576342	0.00239725441157749	0.0399829564402288
ENSG00000253868	-3.8042648296234	-3.84599895168885	-1.3702322907027	5.49154193745657e-07	0.000101505669283764
ENSG00000254102	-5.28880725652574	-5.41434887671632	-1.53568386895345	2.78099505826035e-07	6.33174856000522e-05
ENSG00000254507	-3.48180595788214	-3.52971870370471	-1.79216279339321	0.00096970195099348	0.0218106121950388
ENSG00000254921	-5.69761191168544	-5.78435894164724	-0.708059141865773	1.65388938463397e-10	3.62863330988694e-07
ENSG00000254973	-4.57820678183919	-4.65092328690968	-1.39701976367251	6.55464179699063e-10	8.32577500676693e-07
ENSG00000255045	-3.47435488630742	-3.55086000217021	-2.30102283907238	0.00100171224964079	0.0223431824702688
ENSG00000255087	-5.08084073037703	-5.14186707157343	-0.789523487525706	0.00011707690061614	0.00494349853508495
ENSG00000255595	-3.84549538673119	-3.95695060424907	-2.46847930679537	0.00118842979875041	0.0249043922252685
ENSG00000255693	-3.66321893350278	-3.67367874622093	0.365629580329778	0.00190647030116462	0.0344134287571481
ENSG00000255916	-4.24806571715694	-4.27981728877803	-0.629180606004627	5.64657489448676e-05	0.00294119475359572
ENSG00000256443	-3.90256773426029	-3.92376837632894	-0.407780023846629	0.000713169046566117	0.0177989883865839
ENSG00000256725	-3.90846229903609	-4.00244943797559	-2.27144527897135	0.000317224425418226	0.0101523411309651
ENSG00000257057	-3.77070057416508	-3.82328582856964	-1.64813373733565	0.00125321296543615	0.0258283874533187
ENSG00000257061	-3.8317889243817	-3.95789921100853	-2.63194301685429	0.00167429604741065	0.0315365833224616
ENSG00000257151	-3.17575487973713	-3.17590989294689	5.96662722979622	0.00258038930642513	0.0419856057751374
ENSG00000257272	-3.02396708629654	-3.0704787531844	-2.06659658642787	0.0027270608046743	0.0436438232493433
ENSG00000257434	-4.33570611863559	-4.36263117688068	-0.349102831788733	0.000776665000064107	0.0188758484984455
ENSG00000257501	-3.17486290362228	-3.21317637170729	-1.73922326485848	0.00210192845834951	0.0367044959120651
ENSG00000257522	-3.31545313725218	-3.3656775970137	-1.93266026476525	0.0033207535841205	0.0497783024839529
ENSG00000257829	-3.63212720856377	-3.67643249544149	-1.60016427660677	0.00123109848955627	0.0254436913773205
ENSG00000257859	-3.94489408340166	-3.96227622439085	-0.07152769043916	0.000908557889580316	0.0208829867686965
ENSG00000257951	-4.90231155053504	-5.00842618343164	-1.63254511339751	1.20112801254901e-07	3.66937005757693e-05
ENSG00000258072	-3.95127478645832	-4.01571388407373	-1.75536283909531	6.58678937711448e-05	0.00325082975106914
ENSG00000258240	-3.8535133864853	-3.86848912046216	0.041962090980517	0.00242212986707426	0.0401205780452782
ENSG00000258859	-4.10386523807932	-4.23995503017245	-2.52328214601726	4.45099918834153e-06	0.000465023439010539
ENSG00000259234	-4.38596130358322	-4.41990747213686	-0.623805044245084	0.00103715293790173	0.0228640792842828
ENSG00000259664	-3.65045217334982	-3.74621156864917	-2.41338364718767	0.000125197613354862	0.00520563968414064
ENSG00000260166	-4.05771827151539	-4.10243621090087	-1.26498844133588	0.00133952332349969	0.0270981189349048
ENSG00000260230	-3.63326863208688	-3.63345713759722	6.08249373135523	0.0025660598764615	0.0418441142287309
ENSG00000260328	-4.24754081015004	-4.25118764632207	2.37261860284206	0.000434856679458352	0.0126749167899129
ENSG00000261193	-3.62684352419079	-3.65024255597812	-0.767376497828481	0.000844955148126647	0.0199531776368772
ENSG00000261292	-4.47244475729378	-4.47900944892956	1.73743074839957	0.000116087401845751	0.0049151813265708
ENSG00000261340	-4.73030227045634	-4.74502092495376	0.833639046585118	8.55464005364338e-05	0.0039408607849844
ENSG00000261572	-3.58018473583415	-3.59084223865429	0.267654080414072	0.000400066367934106	0.0118468732806401
ENSG00000261728	-3.28995996308759	-3.37988811098996	-2.62804122431145	0.000632393979233616	0.0163933365143116
ENSG00000262098	-3.56325451926062	-3.60658596569658	-1.6220111861071	0.000326631430592688	0.0103389614447304
ENSG00000262619	-3.66737640511338	-3.70782460598078	-1.42205769292056	0.000547616700657006	0.0148830872225858
ENSG00000262873	-3.12741438155582	-3.13913441304415	-0.215229682260099	0.00241613188887279	0.0401038012421292
ENSG00000263426	-3.73405741571413	-3.81622474237709	-2.24083126642144	7.31195936607966e-05	0.00351042039023659
ENSG00000264515	-3.90928445907367	-3.91705807718399	0.992136852859759	0.00263074336251595	0.0426109800744697
ENSG00000264860	-3.76707925674249	-3.85279844638686	-2.27092204753605	0.000834288335389522	0.0197981462008758
ENSG00000266489	-7.1714349748964	-7.56374155792659	-1.231331532505	4.13047959911202e-18	4.98424973224847e-14
ENSG00000267034	-3.56784794213117	-3.57223385693461	1.50780980165985	9.03863992628774e-06	0.000793231039931012
ENSG00000267142	-3.83014910217588	-3.88775710271217	-1.75307225627409	3.25702835245947e-07	7.08154254578891e-05
ENSG00000267466	-4.2797750069597	-4.28588190241391	1.66062973744347	0.000314606862855597	0.01011014917198
ENSG00000267506	-3.78456683459801	-3.79163165252661	1.01571920338173	0.00194168167729661	0.0348377951076629
ENSG00000267799	-4.26347951520567	-4.36745201897617	-2.10836228003548	3.71417739818547e-06	0.000406052801901343
ENSG00000267909	-3.62920292644394	-3.63345261986069	1.60410371739594	0.000905078486593476	0.0208600338115059
ENSG00000268041	-4.26243356584046	-4.27436162024622	0.703375258172198	0.000388378636080359	0.0117114695244306
ENSG00000268055	-3.67591621586751	-3.72626701745531	-1.65832035498732	0.000728945442091338	0.0180533978790044
ENSG00000269138	-4.30220636022728	-4.47050471302906	-2.59377430111551	6.77494049044502e-05	0.00331132933015304
ENSG00000269387	-3.07967304138143	-3.15765080502382	-2.61545249398103	0.00239416574458023	0.0399634949271123
ENSG00000269933	-5.24423217226338	-5.47165036027182	-2.22944311238393	1.56718072527698e-10	3.62863330988694e-07
ENSG00000270883	-3.33332174953373	-3.42796400009298	-2.66658921202935	0.00147569110375178	0.0287676325508446
ENSG00000271815	-3.28015671369334	-3.30870471203821	-1.31388537072272	0.0016841025998551	0.0316154268092929
ENSG00000271892	-3.93823880650049	-3.98917386442947	-1.50747507003409	0.000941364785537571	0.0213584169954067
ENSG00000272031	-3.128067721998	-3.12875376927026	3.78362870795584	0.00194883992679042	0.0348911741789021
ENSG00000272163	-3.70608946498867	-3.71039355691855	1.65679465969063	0.0026719050154401	0.043075321070562
ENSG00000272515	-3.49850118523757	-3.54143799382842	-1.64211321899464	0.00307078786796403	0.0471440167973561
ENSG00000272880	-4.42809528081781	-4.51965695887931	-1.84887862529816	5.44604430816906e-10	8.21467708333451e-07
ENSG00000273079	-4.34681284829681	-4.34706236867626	6.31778986748063	0.000850952573829441	0.019996971194547
ENSG00000273108	-3.46335144143018	-3.46991634367326	0.844363488216447	0.00261290198022703	0.0424359195092861
ENSG00000273238	-3.46435355932651	-3.46859740449058	1.46390415665724	0.00161159525541379	0.0306945534301341
ENSG00000273540	-4.81594270039903	-4.85762974778077	-0.549354752868673	8.55912086253058e-07	0.000139571501956968
ENSG00000274080	-3.83025568017508	-3.93213754437809	-2.39239182421329	2.91011061665517e-06	0.000336041194365339
ENSG00000274376	-3.46854791344019	-3.4833164364246	-0.285872440500543	0.000217526338771563	0.00781391427515562
ENSG00000274718	-3.55127729738621	-3.56074330771163	0.40970956732242	0.000124499980757489	0.00518943443109021
ENSG00000275340	-3.29049122579379	-3.35158503123589	-2.22868220831725	0.00307359029809557	0.0471570427553964
ENSG00000276282	-3.48180181876169	-3.52102392220165	-1.5426130468701	0.00128874898280181	0.0263763960868849
ENSG00000277586	-3.90501514173861	-3.90507498803217	7.97787911418795	0.00155333093649016	0.0299425629562728
ENSG00000278195	-4.04881601939235	-4.05175656939362	2.4991647792479	0.0014191688034677	0.0281241412276488
ENSG00000278456	-4.38917577058874	-4.44218294401556	-1.20957334667579	0.000322383950837318	0.0102508751903924
ENSG00000278518	-3.3432808762135	-3.42575224789849	-2.48850275749578	0.0015090125126947	0.0292518136396578
ENSG00000278532	-4.12208099865042	-4.21662207157462	-2.14230088434763	0.000916826893562804	0.0210130106830434
ENSG00000278654	-3.75402484510881	-3.85599503689796	-2.46840426183219	4.50341770579174e-05	0.00250427379980594
ENSG00000279013	-3.58832664665717	-3.62083815105637	-1.1942928278472	0.00328024245641437	0.0494077507860777
ENSG00000279113	-3.5056861609325	-3.53551836179826	-1.16838346109743	0.00333325440651029	0.049903698416079
ENSG00000279128	-4.34431579352836	-4.4797553503822	-2.40131591720192	0.000286184640465073	0.00946134262052613
ENSG00000279229	-3.70484187548637	-3.75560879664727	-1.68548433277689	0.00140780877073673	0.0280567461390779
ENSG00000279484	-3.29049016575691	-3.32942540500187	-1.6855333711563	0.00117299396181957	0.0247889984891012
ENSG00000279565	-3.87288252548592	-3.96654395565189	-2.29184387221922	7.12927236548467e-06	0.000665099752733133
ENSG00000279878	-3.59086768990728	-3.63257675921452	-1.54163149877552	0.00230341992427662	0.0389563675210174
ENSG00000279905	-3.27160838542504	-3.34022021892854	-2.34283304652788	0.000329429872552433	0.0103927588812816
ENSG00000280105	-4.58268452649849	-4.70562251011623	-2.06383681210463	2.47558641881757e-06	0.000301746477938097
ENSG00000280334	-3.39080937271545	-3.39741478585139	0.778197569379596	0.00257462681933742	0.0419554649951987
ENSG00000280660	-3.5405716930759	-3.56943787950082	-1.11732853768363	0.00274732985687036	0.0437939621966375
ENSG00000280776	-4.22034399648276	-4.23916114574992	0.0616415419909924	0.00202191690896985	0.0357225056230441
ENSG00000281106	-4.15525803644023	-4.16102225015796	1.63311889485832	0.000877326842764845	0.0204573971239486
