logFC	unshrunk.logFC	logCPM	PValue	FDR
ENSG00000002746	-3.41092311330488	-3.41139332284868	4.57049762338814	0.00288420916060287	0.0454357074947714
ENSG00000004660	-3.5842450939314	-3.58439256094329	6.39339718491898	0.000184358546319177	0.00698478674547411
ENSG00000005379	-3.5427205160711	-3.54287284047081	6.31005612928334	0.000293996172256993	0.00962727764077378
ENSG00000006116	-4.19026471493597	-4.1908340554768	4.98673585936248	0.00203596536835896	0.0358933815610107
ENSG00000006432	-3.29462907014854	-3.2950240598118	4.72082925687586	0.00317515631446878	0.048346512614126
ENSG00000006740	-3.46225716286331	-3.46260032569438	5.06930110689241	0.000729788546419091	0.0180643249018239
ENSG00000007264	-3.38829054536708	-3.38892244922022	4.12695761262005	0.000396011402203342	0.0117701221438122
ENSG00000008056	-3.7500128630683	-3.75006720221075	7.97926182980382	0.00135462243902969	0.0273577053920858
ENSG00000008086	-3.22574853972442	-3.22591653441778	5.89364943034131	0.00239951822788572	0.0400483906720567
ENSG00000008118	-3.74094374977747	-3.7415014060616	4.61475903835473	0.00218183737011733	0.0375313350608778
ENSG00000009709	-4.10554435918519	-4.11911577610336	0.385120286688294	0.000439174890953204	0.0127803747079559
ENSG00000011083	-4.40298616102153	-4.40399892515622	4.35085802617354	0.000452366587064097	0.0130747487571316
ENSG00000011347	-3.49621963176529	-3.49631405570437	6.95905918883973	0.00128884221117278	0.0263549995279189
ENSG00000020129	-3.16532686451399	-3.16535082589631	8.65048891055437	0.00155823042503666	0.0300370072506668
ENSG00000033122	-3.8905760578782	-3.891233597195	4.5096616790867	0.000118215885041107	0.00497483688719958
ENSG00000036530	-3.20657345208116	-3.2067611989805	5.71712186703065	0.00114785215777918	0.024377081634319
ENSG00000040608	-3.41538012940965	-3.41589108650803	4.4552875737461	0.00249432489474442	0.0410845943751383
ENSG00000050628	-4.15297874337949	-4.15703361009544	2.13105438133263	0.000163283739558	0.00637652066422778
ENSG00000053108	-3.90368012117281	-3.90482279939277	3.72685430439896	0.00119612087622728	0.025189512414371
ENSG00000058335	-3.58427880940735	-3.58451448700501	5.71720357583486	0.00298721725479925	0.0464002754559924
ENSG00000058404	-3.33151397185764	-3.331575434609	7.43508433495922	0.00239235008377913	0.0399563854130972
ENSG00000060140	-4.2808643454291	-4.28439970784956	2.44449199604068	8.79171532969732e-05	0.0040138763652431
ENSG00000060709	-4.03695459493108	-4.0373810515256	5.26435625661943	0.000117336199445782	0.00497417594020627
ENSG00000063180	-3.22531021438173	-3.22536533863636	7.50054986506942	0.00298946086926675	0.0464002754559924
ENSG00000065325	-5.27097180671216	-5.27532897707887	3.06344304595635	5.62160072483874e-09	3.32288913487367e-06
ENSG00000065609	-3.86041826734939	-3.86054170155061	6.89397884721184	0.00196193715913515	0.0350476620270671
ENSG00000066248	-3.44264099991433	-3.44275320556096	6.66365363037084	0.00120986394596164	0.0253285311177083
ENSG00000067191	-3.02713379019111	-3.02727661294048	5.95735876643324	0.00108463729422507	0.0235167223608898
ENSG00000067715	-4.11276073356243	-4.11279944316721	8.79291540983001	0.000657771346815095	0.0168929228687703
ENSG00000067842	-3.92446358166153	-3.92486669781273	5.24486064035027	0.00282304677783549	0.0446470582806564
ENSG00000069424	-3.09043159061888	-3.09048043572697	7.55889926670911	0.00163543372699518	0.0309808144170342
ENSG00000069712	-3.15067093437044	-3.15100434768697	4.84155778159871	0.0031242655462949	0.047752390560026
ENSG00000070182	-3.59948919622536	-3.60018000611448	4.1811168443594	0.00062238393701922	0.0162045562729057
ENSG00000070388	-3.13637400867	-3.15155447637855	-0.593080145230125	0.00228794698532928	0.0387762026291691
ENSG00000070729	-5.43361889852428	-5.4414108756332	2.38189798026736	1.22779955140851e-05	0.000991027236578365
ENSG00000070808	-4.09813850515241	-4.0981746897823	8.87701318109764	0.00187974141950896	0.0341351989604435
ENSG00000070886	-3.83651187120915	-3.84896039954726	0.274909357362641	6.59054725212701e-05	0.00324604627311904
ENSG00000072657	-4.26277822498884	-4.26451281140187	3.44976480579752	0.00172483094922902	0.0321214709676497
ENSG00000073670	-3.88961108555715	-3.89000696335211	5.23988007566363	0.000127943228970576	0.00529636687474422
ENSG00000074211	-3.55170734556474	-3.55179964259586	7.04052059846658	0.00230529152090511	0.0389880207186572
ENSG00000074706	-3.45373021107936	-3.45416732578051	4.71291685710836	0.000426129618102201	0.0124960051072643
ENSG00000075035	-4.086921287517	-4.08774493452217	4.36184202473276	0.000789897910890107	0.0191207584567922
ENSG00000077264	-3.45226784701147	-3.45248428486891	5.72463280756301	0.00267983576674282	0.0432031772842826
ENSG00000078053	-3.33282431830045	-3.33295862361424	6.30914602374645	0.000133919569966706	0.00546872233769286
ENSG00000078328	-3.8206431483426	-3.82084472445158	6.15138616620784	0.00244391884309665	0.0405752805139186
ENSG00000079841	-3.93810427753479	-3.9386864543603	4.72742453954245	0.00101941879550051	0.0225530983460391
ENSG00000080224	-4.18576156607933	-4.19288917621771	1.36164845889403	0.000563657191966347	0.0151484439542492
ENSG00000086506	-3.57122547816494	-3.58923572475433	-0.411960823506113	0.00106845227019213	0.0232517741370605
ENSG00000089169	-3.73447567436311	-3.7346308108939	6.45252793467879	0.00257305646738571	0.0419582059350586
ENSG00000089199	-3.5059676200798	-3.50609399823513	6.54722700834305	0.00108567732857628	0.0235167223608898
ENSG00000091137	-2.96300398109097	-2.96511679673293	2.03140872961774	0.00215055918383827	0.037268042878858
ENSG00000091428	-3.61660083226709	-3.61672186391316	6.70646880700631	0.00101625142877105	0.022521774088118
ENSG00000091622	-3.4399085661365	-3.44011249888326	5.79954653762759	0.000957430842182144	0.0216354269150036
ENSG00000091664	-4.37736872834216	-4.37993159902464	2.99409109392196	0.000481021854984495	0.0135936550915642
ENSG00000094796	-3.84044835955444	-3.87584017094267	-1.12578760601435	0.00170074452548667	0.031917393762127
ENSG00000099960	-3.9274976120698	-3.93145379071364	1.96949259084041	0.000380083894822031	0.0115321007667484
ENSG00000100321	-3.45525388023414	-3.45530893838058	7.70128227754909	0.000115424206002204	0.00492163920080776
ENSG00000100341	-3.75698981413073	-3.77487278625979	-0.279008794409004	0.00153138886730774	0.0296379622482799
ENSG00000100884	-4.41854545033621	-4.41885008298075	6.09590966462076	0.000132921469729213	0.00544639516204554
ENSG00000101076	-3.91369300063715	-3.98744440548286	-1.96422831638408	6.74637275587659e-05	0.00328260000182108
ENSG00000101180	-4.12918260920456	-4.13058549966244	3.63371270981598	0.00134209612541903	0.0271729428614622
ENSG00000101210	-3.44941944681291	-3.44945661153376	8.26316799804158	0.00228098873269244	0.0386854406709764
ENSG00000101292	-4.30732866032451	-4.35190697390948	-1.05838173618497	0.00159482240532225	0.0305673979481648
ENSG00000101438	-3.81192815361645	-3.81258835405855	4.43405464325047	0.0021446155907308	0.0372628888889108
ENSG00000101489	-3.75924998040778	-3.75942966032256	6.26270857082527	0.00215293834605555	0.0372733242781238
ENSG00000102003	-3.72099738214594	-3.72103492141017	8.4870857905707	0.000998355970846704	0.022309558333717
ENSG00000102468	-3.86481699119454	-3.86547927002823	4.47721397375843	0.000142479154942079	0.00575978546963508
ENSG00000103154	-4.36517080147833	-4.36566341953316	5.35481227219367	1.87094829555901e-05	0.00134998886135442
ENSG00000104044	-3.6441695002107	-3.65323472283357	0.561149062600911	0.00238847000618634	0.0399326283358505
ENSG00000104888	-4.14375106231308	-4.14378760982214	8.90385318323439	0.00180556236825255	0.0331876939797464
ENSG00000105278	-3.850138280419	-3.85222228140788	2.8188287002175	0.000188874637203496	0.00706025517461551
ENSG00000105376	-4.14125461530178	-4.14161136353033	5.61584478396289	1.47914070112957e-05	0.00114783220839425
ENSG00000105649	-3.66749347763343	-3.66759497078673	7.00531149745813	0.000832065055256051	0.0198038047766761
ENSG00000106089	-3.60687342156258	-3.60701600897871	6.46174531522362	0.00037190555941224	0.0114129401720535
ENSG00000106113	-3.67110030239825	-3.67714531393969	1.14889997640112	0.00147474502466381	0.0287259858153643
ENSG00000106236	-3.46991161375181	-3.47001242225717	6.84177295939476	0.0019866406744582	0.0353581017974735
ENSG00000106976	-3.6283687069833	-3.62839743511479	8.79125807904756	0.000718976493019882	0.0179000367346251
ENSG00000107295	-3.39399250844121	-3.39410398153074	6.63100048000976	0.00296171114360835	0.0462042254297634
ENSG00000107864	-3.1368778134878	-3.13726020923098	4.63203467011647	0.00147722248020282	0.0287510381751733
ENSG00000107954	-3.81593980513135	-3.81631601876925	5.24786256034225	0.000496543718171532	0.0139020720352108
ENSG00000108684	-4.12891115260853	-4.1305970793599	3.36970334729974	0.000686702833713133	0.0174084938958327
ENSG00000109158	-3.79754675942194	-3.79809050688011	4.70110771955204	0.00231307086861504	0.0390921935176157
ENSG00000110148	-4.30532116084014	-4.30697802882696	3.55503339946627	0.000457808864583233	0.0131564693112187
ENSG00000110975	-4.36148881677179	-4.3946263185544	-0.619828415796975	0.00317137165860992	0.0483193709652095
ENSG00000111218	-3.94972695310059	-3.95086100115761	3.7793264718784	0.00081441681316192	0.0195466681822041
ENSG00000111344	-4.34353556317386	-4.34420261557716	4.89803851272289	0.000103599534658774	0.00450805704513632
ENSG00000112053	-3.46832571497952	-3.47453931151384	0.932812293008023	0.000584019043859363	0.0155057377387259
ENSG00000112186	-2.73904306966423	-2.73913446769514	6.35594556447172	0.00292401797079378	0.0458831272478134
ENSG00000112232	-4.09339045076874	-4.0990898524537	1.60063801223762	0.000261544130286458	0.00885214099273386
ENSG00000112619	-3.73071891492941	-3.73520762306459	1.6170358007941	0.000127662645278482	0.00529383209819741
ENSG00000113100	-4.341849694352	-4.34554890367194	2.43646692390674	0.00058335782762545	0.0155057377387259
ENSG00000114812	-3.58022290285617	-3.58123242626763	3.61950214617581	0.000363753269173751	0.011283832131413
ENSG00000115155	-3.26420348598956	-3.26696507565075	1.90203067652989	4.59098037341373e-05	0.00252388884583068
ENSG00000115194	-4.33874637109986	-4.33928709079214	5.19625018215715	3.1367440153192e-05	0.00194607146698492
ENSG00000115252	-3.57320653591311	-3.57357343801474	5.07002280756297	0.000237292299691665	0.00822817867925091
ENSG00000115593	-3.76893316491613	-3.78335299513298	0.012610062041178	0.000527587869889566	0.0145020565511558
ENSG00000116254	-4.3253951681159	-4.32556225374156	6.8765720333695	0.000622425775461322	0.0162045562729057
ENSG00000116544	-3.77521421734857	-3.77558206820519	5.24373867507966	0.000836168051414163	0.0198818519732309
ENSG00000116983	-3.89623249410052	-3.89631868715727	7.44392953724649	0.00161271979573254	0.030792230656811
ENSG00000117069	-3.31878072723381	-3.31952465604054	3.83228452020886	0.000220981508776807	0.00791271176976182
ENSG00000117152	-3.52116591134589	-3.52125871599004	7.00600910879819	0.000383608770795479	0.0115962233279017
ENSG00000118160	-4.19315136804596	-4.19337036178391	6.36616544953119	0.00112160298413407	0.0240184262813591
ENSG00000118473	-3.03112617035215	-3.03135274993565	5.29565013271907	0.0015107869629778	0.0292862108951858
ENSG00000118733	-3.89971204189227	-3.90075727564154	3.85210043981706	0.00198935110518783	0.0353587408756917
ENSG00000119125	-3.9191072680152	-3.91928286019277	6.43808338974931	0.00121103054542987	0.0253285311177083
ENSG00000119698	-4.09628908482742	-4.0970799743974	4.42956111407463	3.29709061105362e-05	0.00200939355573657
ENSG00000121742	-3.96886926219816	-3.9698301282511	4.03520659557623	0.00329197243508873	0.0495314605663538
ENSG00000122012	-4.13347153324042	-4.13427662781	4.43584773644275	0.000255297798839341	0.00870248174744161
ENSG00000122254	-3.46079345079089	-3.46109981874795	5.23184503673765	0.00238159844280377	0.0399326283358505
ENSG00000122733	-4.00550638246761	-4.00569328211568	6.42544512931696	0.000933266555611696	0.0213290294063756
ENSG00000123360	-3.16431072798948	-3.16454793819066	5.3437115151169	0.00075940418344035	0.0185688556870815
ENSG00000123901	-3.94691639839536	-3.94860956751	3.20115699252812	0.0019703406947507	0.0351717472833679
ENSG00000124140	-3.91368989735966	-3.9138021301576	7.07864944921604	0.00143438090068276	0.0284378984356374
ENSG00000124493	-4.19106363993213	-4.19463606350496	2.34819636254054	0.000117225544018075	0.00497417594020627
ENSG00000124507	-4.14072821678123	-4.14081504948014	7.6528282857858	0.00204156525455654	0.0359582263789222
ENSG00000125084	-4.04148409915696	-4.07722680670015	-0.986718062901612	0.000495397532637442	0.0138860906535099
ENSG00000125814	-3.6434167866896	-3.64347063097191	7.89834175164577	0.000311839408280244	0.0100340282771284
ENSG00000126583	-5.19179093927118	-5.19234076087856	5.96500516242594	6.58350864861432e-05	0.00324604627311904
ENSG00000126733	-3.86180533426801	-3.86353229962105	3.09701271196733	0.00143385482892925	0.0284378984356374
ENSG00000127377	-3.73976295324651	-3.7554958983762	-0.125039616676597	0.000415433526449325	0.0122269179601561
ENSG00000127561	-3.8014845976385	-3.80174018323052	5.7922654062538	0.000460362547782124	0.0131952372068572
ENSG00000128656	-3.12538848042717	-3.12541665639043	8.38255555498703	0.00251449995109812	0.0412822733468041
ENSG00000129990	-3.69283117723222	-3.69305492117194	5.88790561356375	0.0012111181283598	0.0253285311177083
ENSG00000130540	-4.08371070758949	-4.0838730907923	6.69862470673249	0.000920651319662057	0.0211006637689687
ENSG00000130822	-3.84348066936998	-3.84395022570605	4.95352914752516	7.04813427004656e-05	0.00339189975049542
ENSG00000131738	-5.37780514963752	-5.84735331681506	-2.83497063391203	5.78747583675142e-10	6.98374709220794e-07
ENSG00000132026	-3.63596452193765	-3.63927213280578	1.97139441810385	0.00246757284182273	0.0408172741360862
ENSG00000132359	-3.17790071133725	-3.1780445452034	6.07623064104897	0.000688042372124187	0.0174241496420201
ENSG00000132872	-3.80656225863156	-3.80681964410284	5.78655273843508	0.00219529354639669	0.0376287034437058
ENSG00000132932	-4.20259096969951	-4.20293429783879	5.72645203479718	0.000190799121742031	0.00706249387135303
ENSG00000132938	-3.58440875983209	-3.58591708873828	3.04606240566999	0.00295514540410866	0.0461316165477092
ENSG00000134115	-3.18100288792729	-3.18432434450786	1.5664885977398	0.00305083477809327	0.0470539734577146
ENSG00000134343	-4.10528262922818	-4.10650486809016	3.81037760466781	0.00059762685109887	0.0157459141481057
ENSG00000134709	-3.83904213111979	-3.8410827680387	2.8375012466409	0.00130596985485534	0.0266201659434787
ENSG00000135127	-3.25139995386082	-3.25240723694366	3.33726811127665	0.00172492858100911	0.0321214709676497
ENSG00000135423	-3.42442974142961	-3.43106649329055	0.809253363558379	0.00171678000831442	0.0321184253648529
ENSG00000135519	-3.8852006003571	-3.88552713326548	5.5135161943446	0.000227383837471627	0.00804645386149597
ENSG00000135625	-4.23214977004446	-4.23798016390434	1.69167244941199	2.84928320016491e-05	0.00181436941300211
ENSG00000135709	-3.73684101988627	-3.73690196674183	7.80198730231868	4.29544480993194e-05	0.00242210899632938
ENSG00000136457	-3.37897538398156	-3.38592062945263	0.712078669270761	0.00193990825790589	0.0349125621896352
ENSG00000136531	-3.63355027260607	-3.63369133600068	6.50056919586187	0.000640043242869197	0.0165206455865296
ENSG00000136854	-3.44170557837625	-3.44173436328409	8.62500570053071	0.000624060406037704	0.0162121354567427
ENSG00000136883	-4.83832637634295	-4.85667167491607	0.615500915902886	3.88516267512689e-06	0.000416731182228944
ENSG00000137252	-4.18942435189594	-4.3282469482001	-2.5051167813754	0.000957094534489458	0.0216354269150036
ENSG00000137261	-3.57549773369485	-3.57603800345672	4.51465939784023	0.000895824226407251	0.0207167400204703
ENSG00000137825	-3.13526936748663	-3.135660997237	4.59674542707854	0.00121058935221791	0.0253285311177083
ENSG00000137843	-3.96974968057148	-3.97601250822691	1.35315799228731	0.000197515192076955	0.00726651165485554
ENSG00000138944	-3.96679409712061	-3.96709159821286	5.72061956041074	0.000569720741973391	0.0152604221828921
ENSG00000139220	-3.18437184039076	-3.18467418880658	5.01108466677884	0.00172373025036468	0.0321214709676497
ENSG00000139287	-3.98775748693298	-4.02336894226287	-0.996356252813678	0.000432997839427667	0.0126666301293907
ENSG00000139874	-4.33628719469113	-4.33764801703439	3.86497020915193	0.000883625991530485	0.020544729941808
ENSG00000139970	-2.99033342941433	-2.99035777606601	8.47768846565251	0.00112457333915332	0.0240606852545446
ENSG00000140465	-3.48568207418324	-3.51211306966244	-1.03116090321845	2.79242261653472e-05	0.00179800001301573
ENSG00000140488	-3.04020278287654	-3.1033064013035	-2.42382308346486	0.00219258588180385	0.0376287034437058
ENSG00000141404	-3.50018706558922	-3.50062462965318	4.75262496288917	0.000112245144571858	0.00482874210177757
ENSG00000142408	-4.09425215889278	-4.09450867666754	6.04859411253489	0.000695646506692059	0.0175430854676135
ENSG00000142609	-3.05012402103662	-3.05390073787508	1.28312708792523	0.00163060061240197	0.0309464350340133
ENSG00000143921	-3.90794347607795	-3.98643732159882	-2.08283212163519	0.00054790179529321	0.0149154857856965
ENSG00000144290	-3.68598868247204	-3.68621597441071	5.85919260603516	0.00144874225140074	0.0285198320842673
ENSG00000144550	-3.91629544258009	-3.91854971907636	2.76472636428076	0.000242797103803878	0.00832338821477669
ENSG00000144583	-3.40141705916194	-3.40247838733913	3.39110143029801	0.00141898474573231	0.0283022957466971
ENSG00000144619	-3.46854265667178	-3.46966215316418	3.37327848571305	0.00172413128460598	0.0321214709676497
ENSG00000145198	-3.42389524681297	-3.42470507540647	3.79970134084285	0.00185104997092487	0.0337921633875196
ENSG00000145335	-3.51772880575308	-3.51784865388591	6.63433918463928	0.000144684768571842	0.00581970367452138
ENSG00000146151	-3.41154884033014	-3.41337532878736	2.62608163434623	0.000923359589316527	0.0211226164251801
ENSG00000146360	-4.40450214427212	-4.4166958222424	0.800337312021372	0.00246990071158733	0.0408277971051018
ENSG00000147246	-4.54670822988871	-4.55243082706454	2.00011137230644	0.000262453850735567	0.00885882690021284
ENSG00000147571	-4.02160159564204	-4.03000181385567	0.981594657069416	0.00249735228094505	0.0410845943751383
ENSG00000147676	-3.9905587122469	-3.99108649543924	4.9163763202607	0.00283406175243934	0.0447333200349059
ENSG00000148408	-3.98145773408314	-3.98188301671876	5.21871615905048	0.00297670315615909	0.0462885012698089
ENSG00000149269	-2.94779480352924	-2.94784556867448	7.38155919437465	0.000271234332693592	0.00906643959172735
ENSG00000149452	-6.41241670489663	-6.49174699783839	0.0261210499232161	1.78026308164134e-05	0.00130990454915647
ENSG00000149742	-4.80689943126369	-4.9043863849295	-1.62567224078072	1.74428049173069e-06	0.00023386925215238
ENSG00000149927	-4.14583263044819	-4.14622611343975	5.47895536250583	0.000334227886373332	0.0105441252414823
ENSG00000149970	-3.1797511960925	-3.17993643634356	5.71326123948389	0.00323914218361326	0.0490731057497316
ENSG00000150054	-3.39896125050695	-3.40085094510697	2.56424501220922	0.000691956358615625	0.0174837724607314
ENSG00000150175	-4.20267067882119	-4.2192398776514	0.196989056391265	2.08790929200965e-05	0.00145889910970728
ENSG00000150361	-4.78044335181021	-4.7927710788842	1.13735236960604	0.000139166854140252	0.00567340009767033
ENSG00000150394	-3.82548885655326	-3.82625378873693	4.23400883474484	0.000285748296211463	0.0094469169599554
ENSG00000151948	-3.65193050718362	-3.65265425668269	4.16048508000162	0.00100782338575326	0.0224238891551456
ENSG00000151952	-4.26226739669296	-4.2633786876811	4.08903869677094	0.00198960678334256	0.0353587408756917
ENSG00000152034	-4.35387892197043	-4.3600975221112	1.70690319294643	0.00194142456911956	0.0349138156118713
ENSG00000152495	-3.72209640537573	-3.72247411986187	5.15866221436745	0.000131164589067624	0.0054100281532896
ENSG00000152822	-4.01906511896409	-4.02027476119072	3.74770974766478	0.000426722595522421	0.0124982076703132
ENSG00000152932	-4.00462207029578	-4.00480676889871	6.44171400812029	0.00113495307290188	0.0241969588881749
ENSG00000152954	-3.41115326678195	-3.41142242275087	5.37525037385041	0.00111220967191752	0.0238596161973844
ENSG00000152969	-3.71293852591359	-3.71340116781811	4.85863459042147	0.00115772774972672	0.0245093125570121
ENSG00000153233	-3.77603249248395	-3.77709311964346	3.72167834681412	0.000264545854782635	0.00890453230031258
ENSG00000153291	-3.30631922237032	-3.30680309117548	4.43892084391083	0.00212679406573377	0.03708673987169
ENSG00000153933	-3.34811224652523	-3.34883578494406	3.89738415707304	0.00143684109719658	0.0284378984356374
ENSG00000153993	-4.18320754624527	-4.18717191810919	2.19115370484132	3.94641885409925e-05	0.00227309958531817
ENSG00000154027	-3.59748963002524	-3.59757776025633	7.1472868889508	0.00164318399761084	0.0310545047755207
ENSG00000156097	-3.71680475833522	-3.71978714851034	2.18781879165029	0.000439488986585251	0.0127803747079559
ENSG00000156564	-4.06050616766826	-4.06240281602261	3.13855461710124	0.000580553940964681	0.0154647779373528
ENSG00000157005	-4.32394819236658	-4.32471626377242	4.67693457552996	0.000212794139958266	0.00772266732895158
ENSG00000157064	-3.38364777992018	-3.38376201161659	6.58634289243024	0.00182758778231038	0.0334651013188761
ENSG00000157093	-3.51922436776365	-3.61011657634489	-2.47029785224463	0.000464403390725672	0.0132479535368183
ENSG00000157152	-4.26677837262849	-4.26685042540155	8.0363915492551	0.000196635408989713	0.00724518925275989
ENSG00000157368	-2.90832203800834	-2.90887807082338	3.8998324274033	0.00320513009873778	0.0487193032443395
ENSG00000157502	-3.67646333259137	-3.6790730286555	2.34232913805864	0.000271167429401331	0.00906643959172735
ENSG00000158856	-3.22582365207319	-3.22588348530004	7.38264666507579	0.00207690281964633	0.036386629064328
ENSG00000159753	-3.39902053322913	-3.39986817333387	3.71353386727199	0.00114380117217553	0.0243211431623649
ENSG00000160396	-3.99532387683351	-3.99812406716701	2.52256563903348	0.000826552999814521	0.0197114921912289
ENSG00000160460	-3.17954762352842	-3.17973329997531	5.70958990080643	0.0013904163970495	0.0278895688666381
ENSG00000160963	-3.91617260606098	-3.91743856513546	3.59072018659296	0.000862456656748288	0.0202630709316002
ENSG00000161270	-3.62030261542659	-3.65471892368461	-1.27203383848981	6.94975649712714e-06	0.00065009853992894
ENSG00000162105	-3.70376777796606	-3.70421272686493	4.906567355103	0.00207759902422491	0.036386629064328
ENSG00000162456	-3.97143174416817	-3.99195777318152	-0.275926167696234	0.00294896683893783	0.0460649616122495
ENSG00000162782	-3.60139397487495	-3.62388182698085	-0.710541744981617	4.1574010759683e-05	0.00236638484828818
ENSG00000162817	-3.98990045270388	-3.99013933489626	6.05749612651931	1.71752189604086e-05	0.00129010159943376
ENSG00000162989	-3.70709457957047	-3.70764918342329	4.59260108685511	0.00198470008367429	0.0353496323390371
ENSG00000163046	-4.09097244439728	-4.12359514662789	-0.830613271496277	3.76768882646875e-05	0.00220702432373779
ENSG00000163285	-4.17980762483146	-4.18064500041779	4.42188254528069	0.000209420680125699	0.007654486165254
ENSG00000163914	-3.78977749272421	-3.82668703609457	-1.19561388461967	1.86300179500587e-05	0.00134998886135442
ENSG00000164061	-3.68399327082664	-3.68406995948528	7.42392786804789	0.00291643878260336	0.045823784882389
ENSG00000164076	-4.22167249538103	-4.22185534965744	6.65218167544345	0.000864795021942	0.0202630709316002
ENSG00000164082	-3.71297735627942	-3.71415300717188	3.51658781063938	0.000320276311899164	0.0101838583812575
ENSG00000164600	-5.15641570953286	-5.16021625934636	3.15036209905867	0.000237072814040114	0.00822817867925091
ENSG00000164796	-3.76447624491502	-3.76630965768973	2.92384581093143	0.00074649135218922	0.0183460512156157
ENSG00000165269	-3.96976082301708	-4.01062677376141	-1.22319590203761	5.3805769083578e-05	0.00286149539423093
ENSG00000165300	-3.13786189175477	-3.13835962585524	4.25309124024039	0.00225537796612135	0.0384652604987842
ENSG00000165379	-3.74608146745037	-3.7470968393721	3.7571275673013	0.0021619381907297	0.0372953654718159
ENSG00000165810	-3.33566969213729	-3.33810180225187	2.14198543680077	0.00048076802851329	0.0135936550915642
ENSG00000165828	-3.24401147444638	-3.28476758164628	-1.76253857002061	0.00130488578684267	0.0266201659434787
ENSG00000165868	-3.30051601190372	-3.30064874474894	6.29787510073862	0.000353944094688167	0.011050565046836
ENSG00000165887	-3.73718156280518	-3.75066333075656	0.102696553199704	1.00627553648007e-05	0.000852121185874037
ENSG00000165970	-4.08251525388895	-4.09722357196102	0.25182068672913	0.00120875277825115	0.0253285311177083
ENSG00000165973	-3.89442664482679	-3.89527507744989	4.14663341015503	0.000519482112350408	0.0143610324163399
ENSG00000165983	-3.86046338082294	-3.86083713496053	5.29751853130539	2.18342537433121e-06	0.000270229681969792
ENSG00000165985	-4.72130471472185	-4.72251818022679	4.38398108479351	1.65997156933766e-05	0.00125585435280236
ENSG00000166111	-4.37295461640257	-4.37328669785173	5.92972005338799	0.0003761789483949	0.011472070934261
ENSG00000166159	-4.11931497325994	-4.12041805800712	3.97083933676311	0.00277694942578197	0.0441494713055482
ENSG00000166183	-3.60492668844574	-3.67057111396213	-2.05597419876523	0.000171196627881051	0.00660009491578481
ENSG00000166257	-4.10579936727014	-4.10591380969971	7.22303530822875	0.000114251397805502	0.00489759011480993
ENSG00000166448	-4.33875529855134	-4.33887406425222	7.3811668853669	0.000189419289998423	0.00706025517461551
ENSG00000166501	-3.50281139800938	-3.50287973060091	7.43127564621688	0.00123691402609296	0.0255579478644927
ENSG00000166959	-3.81332695566883	-3.86736322420256	-1.71809986322713	0.000295857817180197	0.0096751118696841
ENSG00000167037	-3.55313502313004	-3.55361069300089	4.67842256751618	0.00146203362358458	0.0286518808474997
ENSG00000167178	-4.05963302315574	-4.06015823168218	4.984767028374	3.14763398934662e-05	0.00194782047945875
ENSG00000167210	-4.29197253961367	-4.31599239830316	-0.247254170719485	1.18077937399816e-06	0.000178105808825447
ENSG00000167281	-3.83393851808839	-3.83424214046385	5.57272046269594	0.0030536741522203	0.0470539734577146
ENSG00000167371	-3.43818959009845	-3.43838829151954	5.83581364858212	0.00143756675609006	0.0284378984356374
ENSG00000167754	-4.33117909863363	-4.36024264561529	-0.432831040698728	0.00113813375475365	0.0242249687289191
ENSG00000167971	-3.53845356800418	-3.53871252226446	5.54130734202438	0.0030545651913376	0.0470539734577146
ENSG00000168135	-4.12443701297479	-4.12497494289373	5.00861943003732	0.000781383949331188	0.0189717507375844
ENSG00000168490	-3.87455834115308	-3.8746246720431	7.80230075808252	0.000664405795487626	0.0169859846062483
ENSG00000168539	-4.12453319994274	-4.12498177836921	5.27077489426299	0.00185758398532028	0.033885813984671
ENSG00000168843	-3.63186217834465	-3.63321204667781	3.24720278722294	0.000719442928341192	0.0179000367346251
ENSG00000169035	-5.41223169995836	-5.41791129248448	2.81818435851873	0.000186560724767922	0.00704404271017713
ENSG00000169213	-3.76786197662825	-3.76840954301622	4.66385103431413	0.000297692981699655	0.00970881408153983
ENSG00000169282	-3.17832229451991	-3.1787246750359	4.5950845159953	0.000657985189483606	0.0168929228687703
ENSG00000169676	-4.08018323445384	-4.09040171503249	0.770141999042151	0.00202773497623124	0.0357990899168725
ENSG00000169884	-4.34374471725554	-4.34579157495437	3.28671049171402	0.000293867352039331	0.00962727764077378
ENSG00000169933	-3.85248143358026	-3.85317638755819	4.39619827984842	0.00214886367864047	0.037268042878858
ENSG00000170011	-3.32366160186964	-3.32408796467101	4.63644869520954	0.00104359967854211	0.0230221523235241
ENSG00000170214	-3.46383158122463	-3.46498200177394	3.33160849554382	0.000303291786253577	0.00983823114172558
ENSG00000170500	-3.13444863146215	-3.13451553722965	7.14271691871677	0.000559747743756657	0.015115306494011
ENSG00000171126	-3.77310793732938	-3.78424895406391	0.383602301617881	0.000484164878388845	0.0136505083820519
ENSG00000171132	-3.04015633121964	-3.04029142188909	6.0487271251153	0.00247653472671628	0.0408952039102206
ENSG00000171246	-3.95809329359865	-3.95815705140444	7.93400313393687	0.00111408546542035	0.0238786311034233
ENSG00000171509	-3.81959518939124	-3.82154476675945	2.88643316685104	0.00120040523098421	0.025235696728722
ENSG00000171617	-3.59334909813398	-3.5933681284953	9.35459678042831	1.75619084727422e-05	0.00130412030486511
ENSG00000171772	-3.9946939295525	-4.01145053601452	-0.00589867730343091	0.00149823800064014	0.0290896829504819
ENSG00000171798	-3.57006579215091	-3.57023726042125	6.16341925553744	6.53877923317066e-05	0.00324604627311904
ENSG00000172137	-3.90181767336414	-3.90266596412226	4.15409682106108	0.000170213594724981	0.00658171630779233
ENSG00000172209	-3.93227641447984	-3.93436348066443	2.88898557740574	0.00330305155446353	0.0496479477090953
ENSG00000172350	-3.27357512545987	-3.27486736997946	2.99920966889045	0.00271209091160697	0.0435196822212252
ENSG00000172782	-4.12708045441002	-4.13480561335432	1.19430057472639	0.00167200300487049	0.0315250941558941
ENSG00000172824	-3.60207794999688	-3.60330983113233	3.3520308148763	2.42505876670509e-05	0.0016167505048525
ENSG00000173267	-3.92173886271939	-3.92206790312942	5.53588781665862	4.51221464603642e-05	0.00249194023495293
ENSG00000173406	-3.01461439149068	-3.01550878277137	3.30470469606647	0.00122746879221542	0.0254499414358479
ENSG00000174145	-4.84006199320366	-4.84387274119889	2.84997895671585	0.000592149534532158	0.0156527238405247
ENSG00000174460	-4.19421347211095	-4.19494267753859	4.63469185599495	4.20831902256812e-06	0.000441580744741995
ENSG00000174473	-4.21846242314797	-4.22283892609072	2.084350004494	2.148546165918e-05	0.00148151466195043
ENSG00000174514	-3.52376992852439	-3.52398602811857	5.78953155907688	0.00222189596515153	0.0379499201861055
ENSG00000174576	-5.5893558227419	-5.60146703229419	1.90531878198509	1.64876438638426e-08	7.23477812745415e-06
ENSG00000174948	-3.63331103048229	-3.72998279925553	-2.49449230304753	0.00021954226850208	0.00788457307742442
ENSG00000175874	-3.81054346750215	-3.81068500779936	6.652206228561	0.00203605035870654	0.0358933815610107
ENSG00000176769	-3.88416927641602	-3.88847560615991	1.81223002121336	0.00270927310875987	0.0435196822212252
ENSG00000176884	-4.27356392501674	-4.27364408456262	7.88869943118591	0.00262388252475557	0.0425413349461822
ENSG00000176956	-3.58043487291211	-3.58069766062959	5.5576410230364	0.00181066595187732	0.0332056322816164
ENSG00000177238	-3.50651890753208	-3.52145640756385	-0.262984877899362	0.000145923963810791	0.00584901463042178
ENSG00000177291	-3.03511360339032	-3.0637642113321	-1.48218019281119	0.00296595616608764	0.0462287795567056
ENSG00000177380	-3.43459085104974	-3.43480149357877	5.74831315211871	0.000549077295676192	0.0149154857856965
ENSG00000177542	-2.83646369784847	-2.83655128967269	6.50001535470073	0.00131265818357756	0.0267339178079838
ENSG00000177570	-3.58691055520015	-3.58757954428083	4.21628533213354	0.00125060439498741	0.0257966551013898
ENSG00000178773	-3.80947850101326	-3.81069494238237	3.55535384487081	0.00056572694069427	0.0151702822074617
ENSG00000178965	-3.25358854557765	-3.25396556246551	4.75338437995668	0.00186780762139761	0.0339952255918626
ENSG00000178997	-3.42428919535325	-3.4756445725461	-1.85512455989225	0.00213091145338117	0.0371317090367517
ENSG00000179774	-4.21228264951184	-4.22676158185754	0.421899825765916	3.33322152997366e-05	0.00202629643335981
ENSG00000179841	-3.56381805560903	-3.56433591141465	4.5651313611961	3.51055732219205e-05	0.00209892367851703
ENSG00000180440	-4.7817397644996	-4.78398245831862	3.55841051274972	4.32656549421592e-06	0.000452023080681416
ENSG00000180616	-3.60585050484468	-3.60628670218486	4.8496522408786	0.000174917346149557	0.00672206247129525
ENSG00000180777	-3.95037628164452	-3.98598000221693	-1.0470713769756	0.000230539915534425	0.00812240922847857
ENSG00000180828	-4.28256123671644	-4.28598892299867	2.49146797841401	7.49786872627898e-05	0.00354810909490229
ENSG00000181085	-4.22799483966009	-4.23832789211842	0.886247676573959	5.20639264719895e-05	0.00279846503669264
ENSG00000181215	-4.14487316486275	-4.14901620825069	2.09488790518596	0.00232987435755379	0.0392387911690182
ENSG00000181418	-4.45736084328552	-4.4575411195645	6.88785757901317	0.00056502416618049	0.0151682905746384
ENSG00000182255	-4.08490815069991	-4.0891366285568	2.01258501249355	0.000264113255510588	0.00890238730236387
ENSG00000182256	-3.80312621793002	-3.80499167181893	2.93489215038629	0.00179642095554343	0.0330660245155442
ENSG00000182376	-3.45834860104672	-3.49615470859367	-1.53817502328021	0.000802823518115644	0.0193559867994035
ENSG00000182450	-3.85030642487092	-3.87897543218904	-0.851552023755948	2.91674703635424e-05	0.00184757934318565
ENSG00000182601	-3.61371719038018	-3.61469248171263	3.6978461687495	0.00200291383081454	0.0355008563365213
ENSG00000182674	-4.30155017215961	-4.3095014865037	1.31026806408504	0.000843267987353615	0.020011238551418
ENSG00000182836	-3.30144084890828	-3.30204356191366	4.11838107053176	0.00268429325181515	0.0432461504267736
ENSG00000182901	-3.62642243167246	-3.62704653570373	4.35185501488357	0.00160485157793613	0.0306905609999292
ENSG00000183049	-3.01882674096803	-3.01889036631104	7.11631584710491	0.00168689483713682	0.0317315042864069
ENSG00000183186	-3.32970602075095	-3.33032637545384	4.10081646407364	0.00141885381091746	0.0283022957466971
ENSG00000183287	-3.9032680639687	-3.90846365598275	1.56775734120342	5.66291937945656e-05	0.0029454503513751
ENSG00000183317	-3.98513268457718	-3.98661471208489	3.42476784772849	0.000153754676003285	0.00607318387997264
ENSG00000183454	-3.60455345964139	-3.60474007937188	6.07156129189377	0.00304467105667763	0.0470423119602163
ENSG00000183662	-4.23124076516887	-4.23289930277597	3.48638602643909	0.00057773421600227	0.0154237141249987
ENSG00000183715	-3.42896277658205	-3.42911506875185	6.21114504728725	0.00257291546355542	0.0419582059350586
ENSG00000183775	-3.65506485253702	-3.65554496687535	4.7541599327859	0.00184048592055051	0.0336644630827876
ENSG00000183780	-3.60669125169774	-3.60875730749156	2.61535618333536	0.00143041928315933	0.0284363583029385
ENSG00000183837	-4.16086326477062	-4.16158401117258	4.62027019648147	0.000189568465780677	0.00706025517461551
ENSG00000184185	-3.48822000825031	-3.49069710286016	2.25105485614933	0.00158202466808552	0.0303743701985488
ENSG00000184368	-3.80665012787307	-3.807040499485	5.18650944465989	0.000707457803608803	0.0178037399711104
ENSG00000184388	-3.70369076712664	-3.71251485780116	0.637964456976796	0.00324751406847202	0.0491690743591616
ENSG00000184613	-3.20114354679264	-3.20120677051756	7.28184186136167	0.0024146450598667	0.0402451960461485
ENSG00000184672	-3.6773260547038	-3.67807613597291	4.13194356584296	0.00210173150795159	0.0367559334876114
ENSG00000184702	-3.0249425476423	-3.02498132084094	7.83591716576962	0.00294110665612711	0.0459719352584013
ENSG00000184845	-3.82867904124637	-3.83058177069923	2.9286719971423	0.00122661526320238	0.0254499414358479
ENSG00000184999	-4.61689255228471	-4.71089392875337	-1.73007121566693	0.000100561015372073	0.00442872179742629
ENSG00000185274	-4.09934437014478	-4.09956292315911	6.28437950287538	0.00040610499407962	0.0119962520527755
ENSG00000185294	-3.83854576431422	-3.8963299087439	-1.76677149425306	0.00155113039881467	0.0299439384363292
ENSG00000185352	-3.72055097112319	-3.72089708137513	5.28352082866812	0.00215983850742407	0.0372857958069904
ENSG00000185518	-4.25802353003473	-4.25815131841374	7.20195090817557	0.000483810243708802	0.0136505083820519
ENSG00000185742	-3.75190170346495	-3.75232796327439	5.011327453024	0.00184126507289631	0.0336644630827876
ENSG00000185924	-3.99698487934161	-3.99795758634747	4.0415871064627	0.000108148730512116	0.0046833728797524
ENSG00000185933	-4.364071977889	-4.37541218635735	0.872032896782322	0.000411540737711144	0.0121419610805877
ENSG00000186160	-3.76011983124506	-3.85373797870356	-2.37802136184061	0.00018813085369055	0.00706025517461551
ENSG00000186212	-4.07322447217973	-4.0770455248431	2.14781524227811	0.000330623227223225	0.010471471083734
ENSG00000186297	-4.73321168659914	-4.73375151805886	5.5618790075321	7.97580663498312e-05	0.0037449050063946
ENSG00000186377	-3.60313193884416	-3.60511047157379	2.67371641232368	0.000188969207374151	0.00706025517461551
ENSG00000186472	-3.81225207415667	-3.81252125782815	5.72688149625901	0.00121887517121752	0.0253677000080448
ENSG00000186479	-3.77727724783443	-3.77790580890498	4.47393491683754	0.00174600367606757	0.0324138867063191
ENSG00000186481	-3.81447851714684	-3.84015717931478	-0.70112509010625	0.000749706479807206	0.0183882422044812
ENSG00000186642	-3.82527599730249	-3.82539403420378	6.92724760078083	9.67433954302414e-05	0.00430775849688828
ENSG00000186732	-4.09743147541391	-4.09792103560791	5.12021186792274	0.00238622293516777	0.0399326283358505
ENSG00000186907	-3.85653123981321	-3.85729323512332	4.26755092191883	3.2353811318705e-05	0.0019861473208502
ENSG00000187672	-3.59919095236219	-3.59959634028287	4.94856115754372	0.000211127699608225	0.00769691223919168
ENSG00000188011	-4.16563224765567	-4.16749523983335	3.26031748194891	0.000486247837504254	0.0136772789164658
ENSG00000188133	-3.71334278991694	-3.72589407181385	0.172237158101225	0.00178661014080299	0.0329396861253929
ENSG00000188191	-3.16229371430981	-3.16233287455082	7.93939584113769	0.00065158961170359	0.0167827787501115
ENSG00000189108	-3.76504578938865	-3.78631739600434	-0.519322391132279	0.00163967383796007	0.0310124517283138
ENSG00000189410	-4.15599079160041	-4.15680064805831	4.44805217737725	1.77376804748324e-05	0.00130911676018228
ENSG00000196090	-3.91946300046996	-3.9197652016307	5.65549685640094	0.000713050721583085	0.0178699544285422
ENSG00000196189	-3.21000102343005	-3.21031258108054	4.98984097960473	0.000709423299629679	0.017816047776548
ENSG00000196581	-3.68969325148407	-3.6901521045838	4.84982091040138	0.000935245027680507	0.0213338407353888
ENSG00000196593	-3.85982954369204	-3.92272025281161	-1.81392091625066	0.000749731927123955	0.0183882422044812
ENSG00000196872	-2.93530487529168	-2.93550841238691	5.36809434938063	0.000279137942032887	0.00929202081796096
ENSG00000196972	-3.75031993225798	-3.75090322140096	4.55844564589324	5.8594665013228e-05	0.00301518900944402
ENSG00000196990	-4.15180531535211	-4.15229809892786	5.16008843529066	0.001600977575801	0.0306407556022056
ENSG00000197106	-4.01422940650517	-4.01435149263906	7.04736056499269	0.000866797721665998	0.0202844251670859
ENSG00000197444	-3.23167479757156	-3.23197169026711	5.07870965907783	0.00272901472452318	0.0435883654710356
ENSG00000197753	-3.80021461392609	-3.81643994181603	-0.119186122631001	0.00332581671033624	0.0498541990604067
ENSG00000198010	-4.12868289686229	-4.12971637799342	4.07237860894145	0.00146006101623185	0.0286518808474997
ENSG00000198216	-3.89499359592236	-3.89528872649165	5.66773626163578	0.000526865791566804	0.0145020565511558
ENSG00000198354	-4.36101418711305	-4.38460582063618	-0.144676394237747	0.000838805969868124	0.0199249441700761
ENSG00000198626	-4.20506236947542	-4.20547821597281	5.45254102140474	0.000720588408138836	0.017902141640685
ENSG00000198670	-3.69619930309953	-3.74735926688532	-1.68442236551535	7.68043914526673e-05	0.0036132498700169
ENSG00000198673	-3.64187813428663	-3.64251069166038	4.34663745456708	0.00163105433675582	0.0309464350340133
ENSG00000198883	-5.70286938087503	-5.70856225984042	3.08537231326235	7.6385334881034e-08	2.6335481028841e-05
ENSG00000198932	-3.08003154033457	-3.08012583859405	6.60118871190493	0.000716915704638653	0.017898215306744
ENSG00000198934	-3.2571275276041	-3.25740654615355	5.18974428949639	0.00206706330674318	0.0363101652093215
ENSG00000198944	-3.44368689478392	-3.44406447742336	4.91551591675201	0.00244453707910987	0.0405752805139186
ENSG00000200610	-3.67650523618496	-3.80931652086161	-2.77493136891431	0.000731257444969962	0.0180821385009273
ENSG00000203737	-4.44421233598598	-4.4995951827488	-1.18610228538327	4.93737191072033e-06	0.000502778623178584
ENSG00000203782	-4.15136593312763	-4.35127037033537	-2.84232136969295	1.52001369946885e-06	0.000212046304179083
ENSG00000203809	-3.92309914975222	-4.10423506157792	-2.91408241853761	1.35952896810511e-05	0.00106875804938921
ENSG00000203855	-3.57916090388473	-3.66035781438232	-2.33828585879906	0.0007829554849347	0.0189908016818232
ENSG00000203900	-4.20852933250683	-4.23582697544246	-0.499098827851427	2.83473177576969e-05	0.00181436941300211
ENSG00000204052	-3.09851063379479	-3.09974562935981	2.91544646532604	0.00265592569546688	0.0429112784766766
ENSG00000204071	-3.51264964595426	-3.51328784739387	4.22043644449434	0.00173804915179366	0.032315930839282
ENSG00000204175	-3.97550696104836	-4.06599539458333	-2.1713701274311	0.000215166604386789	0.00778535356862183
ENSG00000204314	-3.4910943944687	-3.49135421349278	5.49535789711808	6.31460958936496e-05	0.00317493307978613
ENSG00000204396	-3.35107172901424	-3.35282068168424	2.63308174149858	0.00028021114167169	0.00930208485984121
ENSG00000204603	-3.96027338973683	-3.98809445351527	-0.724603184908741	8.08993735461034e-05	0.0037721060902837
ENSG00000204677	-3.82052843676806	-3.82836180246655	0.905851598845968	0.00127888113821708	0.0262007787688719
ENSG00000204851	-3.60576124637375	-3.60600571297617	5.68323738666145	0.000654917444306395	0.0168505091693929
ENSG00000204933	-4.58967129114117	-4.70658108560526	-2.01252031720872	2.08577456626533e-07	5.35511525343058e-05
ENSG00000204982	-4.16714538550066	-4.33624590679144	-2.71364337667181	3.95259816597903e-06	0.000422088513883796
ENSG00000205035	-4.57024557696353	-4.58700020293989	0.513715323023621	0.000225487042458066	0.00800615475285888
ENSG00000205037	-4.05788466173002	-4.06252766904677	1.85407815095697	0.00127837174265118	0.0262007787688719
ENSG00000205562	-3.66242918877079	-3.6708172423421	0.671999244677921	0.000190649373731478	0.00706249387135303
ENSG00000205899	-4.57468538714824	-4.66842690488422	-1.70514737470359	2.6363713306649e-06	0.000311893067128759
ENSG00000206187	-5.07618818297868	-5.13824095113008	-0.814419833808547	4.60271097309377e-07	9.18031624997066e-05
ENSG00000209082	-3.80948808322355	-3.8559113670187	-1.47789201946229	4.84654542377383e-05	0.00263438124453508
ENSG00000210049	-5.34293532755979	-5.38364166049617	-0.0116737403290825	3.5123916175334e-08	1.36722676286373e-05
ENSG00000210195	-6.43832969120914	-7.7937156998518	-2.92323584920086	2.68677003571481e-12	1.29685016083883e-08
ENSG00000211574	-4.22165987479377	-4.22814525117195	1.52358971080463	0.000672352937815534	0.0171166305920254
ENSG00000214043	-3.52065335316561	-3.57110643365467	-1.8053638864447	0.00108944362387448	0.0235538137686606
ENSG00000214733	-4.38931824749001	-4.61219495539305	-2.8404373494384	4.42539716512448e-07	9.14055387888814e-05
ENSG00000214978	-4.91601389889584	-4.9721649052419	-0.805190220185461	4.74399100467719e-05	0.00259617866001994
ENSG00000216863	-3.96646914518432	-3.96943179403603	2.42265066130226	0.000316540772884125	0.0101318236243839
ENSG00000218109	-4.79166691814875	-4.92328808702029	-2.00238288504739	1.05951898080352e-08	4.91739059282925e-06
ENSG00000219881	-3.65996783277459	-3.74135731608763	-2.27124878186316	2.58952352716675e-05	0.00170273857847276
ENSG00000221890	-3.6146452952289	-3.61467489954775	8.73581381511179	0.000181852295816373	0.00691153276729503
ENSG00000223536	-3.98972879405923	-4.13221807420026	-2.61149964703206	0.000527228411701507	0.0145020565511558
ENSG00000223573	-3.27869431511645	-3.2801245743132	2.85926259106222	0.000266729893809759	0.00895307268039599
ENSG00000223930	-3.94339379496699	-4.00143444540878	-1.66824104440921	4.1429651895921e-05	0.00236638484828818
ENSG00000224116	-3.76450690782312	-3.77273799906673	0.805132120961246	0.00113827440700233	0.0242249687289191
ENSG00000224965	-2.8425281093349	-2.87885754746561	-1.90566257321806	0.00308662881324498	0.0473872135997801
ENSG00000225106	-4.62124344703578	-4.69076041021945	-1.30903934731502	8.04646477653134e-05	0.00376343761466681
ENSG00000225110	-5.22049429901189	-5.22796295608098	2.24215604896331	5.65294548145142e-05	0.0029454503513751
ENSG00000225208	-3.69921189166066	-3.82308565164103	-2.66628841342924	0.00202568486486797	0.0357890765217596
ENSG00000225539	-5.16943518207355	-5.30098759594005	-1.70789803459529	0.000290748647659895	0.00955984722428326
ENSG00000226695	-3.55427609406407	-3.63865641701235	-2.38453913288675	0.00121821803353195	0.0253677000080448
ENSG00000226757	-3.5566451569844	-3.59900131987516	-1.54569196839758	0.00169186243777145	0.0318001620507602
ENSG00000227895	-4.44552532704145	-4.6681581202871	-2.77216615382414	2.76136896818956e-06	0.000320398455184071
ENSG00000228133	-4.88102360444743	-4.90472998943193	0.312674253144761	0.000147586095176888	0.00588734350578351
ENSG00000228824	-3.62200405762778	-3.63575919178322	-0.0373857132639323	0.00218115996676547	0.0375313350608778
ENSG00000228971	-4.47419112553766	-4.47764143152377	2.65929175250496	0.000152065586456011	0.00601631289103174
ENSG00000228999	-4.45180643175577	-4.70013222218495	-2.8370579549617	1.72296888402435e-05	0.00129010159943376
ENSG00000229618	-4.75928928100598	-4.82212449640869	-1.05610275741123	2.69750014742619e-06	0.000316026546397979
ENSG00000230006	-3.86609960865639	-3.87880159059821	0.294638509138311	4.58317396357809e-05	0.00252388884583068
ENSG00000230133	-4.1930625196851	-4.36325970385096	-2.71137269372164	0.00028835098956069	0.00950691636893129
ENSG00000230852	-4.08203103713319	-4.19566483148851	-2.32484838317757	0.000457919707525638	0.0131564693112187
ENSG00000231121	-3.47255527359335	-3.49252096158888	-0.668065594697122	0.00332254752657613	0.0498361479219319
ENSG00000231536	-3.48353778518802	-3.56075390512204	-2.32315513692684	0.000615194547483933	0.0161031509858755
ENSG00000231691	-3.84230200219725	-3.94431031667039	-2.39722201285471	0.00214740008193999	0.037268042878858
ENSG00000232224	-3.26235692980328	-3.26979789771226	0.497751217971715	0.00273081994663984	0.0435883654710356
ENSG00000232354	-3.33225508355051	-3.36150512543009	-1.29846429861781	0.000500081808024236	0.0139687203181214
ENSG00000233304	-3.61789726758937	-3.67843770750711	-1.96795407715497	0.0016306984963706	0.0309464350340133
ENSG00000233487	-3.38120390044997	-3.39171656113458	0.123121582103847	0.000312453538320886	0.0100340282771284
ENSG00000233508	-4.35843296292852	-4.36416223044134	1.82941683172378	7.43464943425395e-05	0.00353901044272751
ENSG00000233542	-3.27763912924912	-3.2905551174341	-0.231605637368264	0.00120675161862171	0.0253285311177083
ENSG00000233705	-4.52714869471871	-4.52828197310369	4.3031733702614	9.25348542440668e-05	0.00416648539613117
ENSG00000233930	-3.44984361537343	-3.45538215080639	1.07138745370115	0.00179757289153866	0.0330660245155442
ENSG00000233936	-3.75136857152608	-3.81490640871364	-1.94680175428056	0.000231418324172835	0.00812484227688974
ENSG00000234111	-4.33918672185254	-4.5233215583184	-2.66550880359104	0.00118596960865315	0.0250403909586216
ENSG00000234394	-3.52953246488598	-3.64075902104455	-2.71878554717712	6.22605674765725e-05	0.00315671541067143
ENSG00000234423	-3.73889903807881	-3.81786126566381	-2.18054321599448	0.000759025429345039	0.0185688556870815
ENSG00000234929	-4.04873090863663	-4.24786610029712	-2.92661827402921	5.11034021361267e-05	0.00276531279630781
ENSG00000235296	-4.41969218153867	-4.50439606776637	-1.76855214543049	2.05627187664645e-07	5.33613607214897e-05
ENSG00000236064	-3.8293983595509	-3.84328818006617	0.127857559776805	0.00105156388612921	0.0231133359087817
ENSG00000236333	-4.24394482277311	-4.25293370782894	1.08639893531293	0.00140628037476673	0.0281186168720964
ENSG00000237265	-5.09189025625946	-5.21402156231066	-1.58585114684689	0.000141958269995768	0.00574835719476152
ENSG00000237337	-3.67466772300133	-3.75457772725634	-2.20153532483678	0.000824476301899413	0.0196814154995454
ENSG00000237720	-5.42889457388662	-5.47098858532288	-0.00676169724668316	2.94116498129118e-05	0.00184962874472642
ENSG00000237732	-3.40758131385893	-3.41384891409437	0.863715876112653	4.14136374873903e-05	0.00236638484828818
ENSG00000238243	-3.19056544826753	-3.20875805814317	-0.778524282992294	0.00189821046961164	0.0343413879112499
ENSG00000240707	-4.46789797320326	-4.48814122841902	0.141890153397223	0.00011478059260826	0.00490285809204913
ENSG00000241307	-3.30389775253583	-3.42631284268675	-2.92746488337453	0.000360666601081636	0.011216917204258
ENSG00000242428	-4.29294940019931	-4.33985035330632	-1.05751403465109	0.00081889253151425	0.0196037819599059
ENSG00000243902	-3.83092845978546	-3.84079785021783	0.588023969304833	0.000814781975275436	0.0195466681822041
ENSG00000248285	-4.08264990613662	-4.12427383219118	-1.13394318718619	0.00122955191149464	0.0254515754902253
ENSG00000248409	-3.29227797378625	-3.375051890087	-2.54905085097647	0.00039163955883399	0.0117267671578916
ENSG00000248455	-4.16967235353111	-4.19405843788143	-0.340501160274147	0.00107205821615336	0.0233090567465273
ENSG00000248673	-4.97738465606915	-5.09067338654334	-1.66371448371378	9.35558409949754e-06	0.000806384523775977
ENSG00000248738	-5.23622897588169	-5.27410717145296	-0.0174468694396468	6.28022869126219e-09	3.44470543715731e-06
ENSG00000249421	-3.79452838941825	-3.928979141716	-2.73176256038725	0.000464946409450779	0.0132479535368183
ENSG00000249487	-3.38486516201653	-3.41814378985444	-1.40275549616216	0.00170990868259347	0.0320395466969804
ENSG00000250007	-3.63281468540174	-3.67931614903041	-1.60536837035026	0.00145449220053526	0.0285852726121482
ENSG00000250579	-4.16147751335496	-4.21577619229387	-1.39657817610301	7.99479822776619e-05	0.00374653321221183
ENSG00000250584	-4.07895628276175	-4.09041237570518	0.618537926660921	0.0013925139008991	0.0278895688666381
ENSG00000250686	-4.01612801022966	-4.07346838630526	-1.57207507838798	0.00193219660308939	0.0348257153240921
ENSG00000250954	-4.29516226038927	-4.51716907653189	-2.86797111366804	8.87704606091762e-07	0.000140946466864596
ENSG00000251011	-4.24303699959369	-4.31129339624161	-1.61289198432962	0.000220668818158028	0.00791271176976182
ENSG00000251209	-3.19232840199543	-3.24707228178906	-2.12340342233116	0.00254615426419712	0.0416885257884215
ENSG00000253301	-3.72747530581365	-3.86957948309023	-2.79035270576342	0.00246019202189267	0.0407230961977763
ENSG00000253868	-3.80419224588531	-3.84592463083071	-1.3702322907027	4.90945043130236e-07	9.55521586363316e-05
ENSG00000254102	-5.28891327078814	-5.41446239809725	-1.53568386895345	2.95391698724448e-07	6.48089387001439e-05
ENSG00000254507	-3.48180264266592	-3.52971519710342	-1.79216279339321	0.000968012717023863	0.0217726178123522
ENSG00000254921	-5.69761675324871	-5.78436402869919	-0.708059141865773	1.69454533900149e-10	3.71783247376927e-07
ENSG00000254973	-4.5788223977626	-4.65155601248742	-1.39701976367251	5.24246813623485e-10	6.98374709220794e-07
ENSG00000255045	-3.4744090802609	-3.55091673147929	-2.30102283907238	0.000996126329992009	0.0222803640852893
ENSG00000255087	-5.08085589907365	-5.14188418905662	-0.789523487525706	0.000123367693211199	0.00513337225510184
ENSG00000255595	-3.84529118390184	-3.95672940059984	-2.46847930679537	0.00122637750881585	0.0254499414358479
ENSG00000255693	-3.6632263715315	-3.67368629170295	0.365629580329778	0.00192100023611838	0.0347016614509588
ENSG00000255916	-4.24802311631951	-4.27977333327976	-0.629180606004627	5.74513052935837e-05	0.0029753858411059
ENSG00000256443	-3.90260169551016	-3.92380323139662	-0.407780023846629	0.000722480366071539	0.0179201861816758
ENSG00000256725	-3.90848791881214	-4.00247662432615	-2.27144527897135	0.00032024081280374	0.0101838583812575
ENSG00000257057	-3.77057265716349	-3.82315144926754	-1.64813373733565	0.00127307120682196	0.0261261058719739
ENSG00000257061	-3.83184628741744	-3.95795776992729	-2.63194301685429	0.00172169257666367	0.0321214709676497
ENSG00000257151	-3.17575523220989	-3.17591024550517	5.96662722979622	0.0026030650896867	0.0423046281983157
ENSG00000257272	-3.02416313811554	-3.07068073842914	-2.06659658642787	0.0026238018763925	0.0425413349461822
ENSG00000257434	-4.33570813678689	-4.36263329966981	-0.349102831788733	0.000796001611683898	0.0192299328292084
ENSG00000257501	-3.17487155437002	-3.21318537123266	-1.73922326485848	0.00207051637280855	0.0363164848017754
ENSG00000257522	-3.31543019881502	-3.36565361268439	-1.93266026476525	0.00332793860123936	0.049855040473191
ENSG00000257829	-3.63218254873346	-3.67649032943299	-1.60016427660677	0.00124111962337164	0.0256229093160404
ENSG00000257859	-3.94484109158114	-3.96222202401039	-0.07152769043916	0.000918487043522291	0.0210710706353298
ENSG00000257951	-4.90230951282183	-5.00842423314184	-1.63254511339751	1.21019136774918e-07	3.65084480865734e-05
ENSG00000258072	-3.95128259176008	-4.01572196624748	-1.75536283909531	6.57680996677624e-05	0.00324604627311904
ENSG00000258240	-3.85349227804207	-3.86846761816811	0.041962090980517	0.00245498291945052	0.0407144925700707
ENSG00000258859	-4.10385828706294	-4.23994972207766	-2.52328214601726	4.15712826639542e-06	0.000438114120441865
ENSG00000259234	-4.38601530186025	-4.41996393831502	-0.623805044245084	0.00106541947755726	0.0232517741370605
ENSG00000259664	-3.65099193969088	-3.74677111459193	-2.41338364718767	0.000118237773109326	0.00497483688719958
ENSG00000260166	-4.05780419389357	-4.1025267583852	-1.26498844133588	0.00137042261440558	0.0276074953055628
ENSG00000260230	-3.63326828930949	-3.63345679472332	6.08249373135523	0.00260298565383315	0.0423046281983157
ENSG00000260328	-4.24753785018828	-4.25118467166784	2.37261860284206	0.00044227014782606	0.0128290237351372
ENSG00000261193	-3.62685391553386	-3.65025325312507	-0.767376497828481	0.00084875591562217	0.0200623153216403
ENSG00000261292	-4.47244597765396	-4.4790106818113	1.73743074839957	0.000118320890579786	0.00497483688719958
ENSG00000261340	-4.73029897041826	-4.74501757663871	0.833639046585118	8.79812959813376e-05	0.0040138763652431
ENSG00000261572	-3.58018096433493	-3.59083842539526	0.267654080414072	0.000398145406496548	0.011818992915606
ENSG00000261728	-3.29010877911389	-3.3800405897158	-2.62804122431145	0.000597632276442564	0.0157459141481057
ENSG00000262098	-3.56320276269564	-3.60653252343923	-1.6220111861071	0.000322893169008997	0.0102535575537673
ENSG00000262619	-3.66736872406445	-3.70781672452009	-1.42205769292056	0.000549426819569244	0.0149154857856965
ENSG00000262873	-3.12748319400185	-3.13920422331183	-0.215229682260099	0.00238036955123747	0.0399326283358505
ENSG00000263426	-3.73400528285033	-3.81616979438059	-2.24083126642144	7.13170758033915e-05	0.00342180180405378
ENSG00000264515	-3.90930086715235	-3.91707466618044	0.992136852859759	0.00266671606869119	0.0430491810045439
ENSG00000264860	-3.76713613593782	-3.85285846679949	-2.27092204753605	0.000845067463930806	0.020028476588515
ENSG00000266489	-7.17149795647204	-7.56381162518072	-1.231331532505	3.63478524501716e-18	4.3860953551622e-14
ENSG00000267034	-3.56784308944166	-3.57222897512085	1.50780980165985	8.51780686162854e-06	0.000762936533757815
ENSG00000267142	-3.82996356141936	-3.88756888663595	-1.75307225627409	2.59167871827908e-07	6.00925671704787e-05
ENSG00000267466	-4.27979207073467	-4.28589911310026	1.66062973744347	0.000319723420995059	0.0101838583812575
ENSG00000267506	-3.78458422134135	-3.79164921529021	1.01571920338173	0.00196010553670396	0.0350476620270671
ENSG00000267799	-4.26349259567862	-4.36746524801337	-2.10836228003548	3.61349429044595e-06	0.000396400323661921
ENSG00000267909	-3.62920505845843	-3.63345476499928	1.60410371739594	0.000909195218468138	0.0208976356214381
ENSG00000268041	-4.26243573354841	-4.27436379667152	0.703375258172198	0.000393677264198315	0.0117296383878545
ENSG00000268055	-3.67585287521141	-3.7262011999864	-1.65832035498732	0.000733944741195381	0.0181254703362512
ENSG00000269138	-4.30215857905407	-4.47045048132473	-2.59377430111551	6.90330406239238e-05	0.00335220000486474
ENSG00000269387	-3.07973363761848	-3.15771412910316	-2.61545249398103	0.0023242343743819	0.0392259247491838
ENSG00000269933	-5.2443184136826	-5.47173264104732	-2.22944311238393	1.3147489233653e-10	3.17301505164982e-07
ENSG00000270883	-3.33325917152371	-3.42789806907889	-2.66658921202935	0.00144675209887309	0.0285198320842673
ENSG00000271815	-3.28010880914443	-3.30865526955203	-1.31388537072272	0.00166973466752264	0.0315069401610566
ENSG00000271892	-3.93822887145595	-3.98916362080715	-1.50747507003409	0.000958824293059578	0.0216466468556594
ENSG00000272031	-3.1280677597043	-3.12875380702213	3.78362870795584	0.00195084933241733	0.0350476620270671
ENSG00000272163	-3.70608579968885	-3.71038986945763	1.65679465969063	0.00269703938424509	0.0433935656662473
ENSG00000272515	-3.49851420879425	-3.54145173813298	-1.64211321899464	0.00309451109461706	0.047447859439319
ENSG00000272880	-4.42786486424567	-4.51941843386012	-1.84887862529816	4.3273195265066e-10	6.52722059079439e-07
ENSG00000273079	-4.34681361860139	-4.34706313926103	6.31778986748063	0.000868318286804476	0.0202844251670859
ENSG00000273108	-3.4633564408665	-3.46992138700132	0.844363488216447	0.0026234193168368	0.0425413349461822
ENSG00000273238	-3.46435471171215	-3.46859856379997	1.46390415665724	0.00161539465444211	0.0307945770855496
ENSG00000273540	-4.81601291908499	-4.85770306751453	-0.549354752868673	8.75451253114754e-07	0.000139921460547493
ENSG00000274080	-3.83048922474979	-3.93237913972667	-2.39239182421329	2.59693128263166e-06	0.000310269007797191
ENSG00000274376	-3.46847389306901	-3.48324109997534	-0.285872440500543	0.000211849278016424	0.00771156934486935
ENSG00000274718	-3.5512657109017	-3.56073158082262	0.40970956732242	0.000121211844748191	0.00506295194194976
ENSG00000275340	-3.29048782423571	-3.3515814749457	-2.22868220831725	0.00307205250685506	0.0471934533421005
ENSG00000276282	-3.48180321098858	-3.52102533628051	-1.5426130468701	0.00129077688911909	0.0263549995279189
ENSG00000277586	-3.90501507669776	-3.9050749229856	7.97787911418795	0.00157849105883258	0.0303548232779805
ENSG00000278195	-4.04882123454538	-4.05176180665821	2.4991647792479	0.00143930518721897	0.0284489691960218
ENSG00000278456	-4.38927152424846	-4.44228393758579	-1.20957334667579	0.000332033674616105	0.0105023600303867
ENSG00000278518	-3.34338055148585	-3.42585683172208	-2.48850275749578	0.0014843159994763	0.0288658197674141
ENSG00000278532	-4.12237434120479	-4.21694340110813	-2.14230088434763	0.000945998036385281	0.0215145813213449
ENSG00000278654	-3.75387786354785	-3.8558400585123	-2.46840426183219	4.24118892143261e-05	0.0024083965512907
ENSG00000279013	-3.58825268487887	-3.62076152597805	-1.1942928278472	0.003314550851511	0.0497780773182119
ENSG00000279128	-4.34479967245248	-4.48029254652573	-2.40131591720192	0.000296564248027142	0.00968509007021251
ENSG00000279229	-3.70483682951567	-3.75560416453861	-1.68548433277689	0.00142950729884714	0.0284363583029385
ENSG00000279484	-3.29044118186615	-3.32937493176331	-1.6855333711563	0.00115139867366448	0.0244181507822659
ENSG00000279565	-3.87271784934943	-3.96636933050399	-2.29184387221922	6.53502515244334e-06	0.000627855662003153
ENSG00000279878	-3.59090730610035	-3.63261808119807	-1.54163149877552	0.00232937596230672	0.0392387911690182
ENSG00000279905	-3.27174650906001	-3.34036094321721	-2.34283304652788	0.000318098086539716	0.0101553707243362
ENSG00000280105	-4.58268936981176	-4.70562760125957	-2.06383681210463	2.50105415249515e-06	0.00030182533605953
ENSG00000280334	-3.39080986988026	-3.39741528820611	0.778197569379596	0.00257925616452947	0.0420309036291385
ENSG00000280660	-3.54061032067098	-3.56947775041786	-1.11732853768363	0.00277043453838113	0.044106269778752
ENSG00000280776	-4.22021208794872	-4.23902592744685	0.0616415419909924	0.00206592150359591	0.0363101652093215
ENSG00000281106	-4.1552717661109	-4.16103609468531	1.63311889485832	0.000893000658821309	0.0207028606147872
